Recall

rank ,         name ,    med   ,  iqr 
----------------------------------------------------
   1 ,          KNN ,    0.78  ,  0.06 (    ----*      |              ), 0.75,  0.78,  0.81
   1 ,           LR ,    0.80  ,  0.05 (        ---*   |              ), 0.78,  0.80,  0.83
   2 ,          SVM ,    0.81  ,  0.03 (          --*  |              ), 0.79,  0.81,  0.83
   2 ,           NB ,    0.84  ,  0.08 (          -----|*             ), 0.79,  0.84,  0.87
   3 ,           DT ,    0.88  ,  0.05 (               |-----*        ), 0.84,  0.88,  0.90
   4 ,           RF ,    0.91  ,  0.04 (               |       --*    ), 0.90,  0.91,  0.94

Precision

rank ,         name ,    med   ,  iqr 
----------------------------------------------------
   1 ,           DT ,    0.83  ,  0.02 (    --*        |              ), 0.82,  0.83,  0.84
   2 ,           RF ,    0.85  ,  0.03 (      ---*     |              ), 0.83,  0.85,  0.86
   3 ,           NB ,    0.88  ,  0.04 (             --|*             ), 0.87,  0.88,  0.90
   3 ,           LR ,    0.89  ,  0.04 (             --|*             ), 0.87,  0.89,  0.91
   3 ,          SVM ,    0.89  ,  0.03 (              -|-*            ), 0.87,  0.89,  0.90
   3 ,          KNN ,    0.90  ,  0.03 (               |---*          ), 0.88,  0.90,  0.91

F_score

rank ,         name ,    med   ,  iqr 
----------------------------------------------------
   1 ,          KNN ,    0.84  ,  0.03 (      ------*  |              ), 0.81,  0.84,  0.85
   1 ,           LR ,    0.84  ,  0.04 (         ----* |              ), 0.83,  0.84,  0.86
   1 ,          SVM ,    0.85  ,  0.04 (          -----*              ), 0.83,  0.85,  0.87
   1 ,           DT ,    0.85  ,  0.02 (              -|*             ), 0.84,  0.85,  0.87
   1 ,           NB ,    0.86  ,  0.03 (             --|--*           ), 0.84,  0.86,  0.87
   2 ,           RF ,    0.88  ,  0.02 (               |    ---*      ), 0.87,  0.88,  0.89

Accuracy

rank ,         name ,    med   ,  iqr 
----------------------------------------------------
   1 ,          KNN ,    0.77  ,  0.04 (        -----* |              ), 0.73,  0.77,  0.77
   1 ,           DT ,    0.77  ,  0.03 (           --* |              ), 0.75,  0.77,  0.79
   1 ,           LR ,    0.77  ,  0.05 (          ----*|              ), 0.75,  0.77,  0.79
   1 ,          SVM ,    0.78  ,  0.04 (           ----*              ), 0.75,  0.78,  0.79
   1 ,           NB ,    0.79  ,  0.05 (             --|-*            ), 0.76,  0.79,  0.81
   2 ,           RF ,    0.81  ,  0.03 (               |  --*         ), 0.79,  0.81,  0.83

{'ant': {'Recall': [['KNN', 0.81, 0.776, 0.81, 0.741, 0.713, 0.828, 0.75, 0.819, 0.724, 0.791, 0.828, 0.741, 0.776, 0.776, 0.748, 0.871, 0.793, 0.767, 0.81, 0.722, 0.741, 0.845, 0.75, 0.793, 0.757], ['SVM', 0.802, 0.81, 0.81, 0.776, 0.809, 0.776, 0.828, 0.879, 0.802, 0.765, 0.905, 0.793, 0.819, 0.81, 0.748, 0.897, 0.853, 0.793, 0.897, 0.8, 0.776, 0.776, 0.879, 0.819, 0.826], ['NB', 0.845, 0.793, 0.776, 0.879, 0.87, 0.767, 0.828, 0.905, 0.853, 0.87, 0.81, 0.793, 0.871, 0.914, 0.783, 0.897, 0.879, 0.793, 0.845, 0.791, 0.862, 0.741, 0.81, 0.862, 0.774], ['RF', 0.897, 0.914, 0.914, 0.94, 0.896, 0.879, 0.94, 0.948, 0.922, 0.861, 0.914, 0.931, 0.879, 0.94, 0.913, 0.914, 0.905, 0.905, 0.94, 0.87, 0.897, 0.948, 0.905, 0.914, 0.939], ['LR', 0.793, 0.802, 0.793, 0.776, 0.8, 0.767, 0.845, 0.853, 0.767, 0.739, 0.836, 0.802, 0.81, 0.828, 0.722, 0.905, 0.802, 0.776, 0.879, 0.774, 0.776, 0.776, 0.853, 0.784, 0.809], ['DT', 0.845, 0.905, 0.862, 0.802, 0.913, 0.862, 0.784, 0.897, 0.905, 0.809, 0.879, 0.836, 0.897, 0.914, 0.861, 0.931, 0.888, 0.897, 0.862, 0.913, 0.888, 0.888, 0.836, 0.828, 0.87]], 'Precision': [['KNN', 0.895, 0.909, 0.887, 0.905, 0.911, 0.865, 0.879, 0.896, 0.913, 0.901, 0.914, 0.835, 0.918, 0.909, 0.896, 0.871, 0.92, 0.899, 0.879, 0.892, 0.887, 0.875, 0.926, 0.893, 0.879], ['SVM', 0.877, 0.931, 0.887, 0.849, 0.886, 0.882, 0.897, 0.872, 0.869, 0.889, 0.875, 0.844, 0.905, 0.913, 0.878, 0.846, 0.9, 0.911, 0.86, 0.902, 0.891, 0.857, 0.911, 0.905, 0.872], ['NB', 0.891, 0.911, 0.882, 0.843, 0.885, 0.873, 0.923, 0.882, 0.832, 0.893, 0.904, 0.836, 0.918, 0.883, 0.909, 0.825, 0.879, 0.939, 0.867, 0.892, 0.87, 0.851, 0.949, 0.87, 0.856], ['RF', 0.881, 0.862, 0.835, 0.858, 0.858, 0.823, 0.858, 0.833, 0.843, 0.868, 0.835, 0.818, 0.836, 0.865, 0.868, 0.835, 0.861, 0.875, 0.852, 0.84, 0.839, 0.84, 0.913, 0.848, 0.806], ['LR', 0.885, 0.93, 0.911, 0.849, 0.868, 0.873, 0.933, 0.861, 0.873, 0.904, 0.882, 0.845, 0.913, 0.932, 0.883, 0.854, 0.93, 0.918, 0.85, 0.908, 0.882, 0.891, 0.925, 0.91, 0.869], ['DT', 0.86, 0.833, 0.826, 0.83, 0.84, 0.813, 0.867, 0.813, 0.847, 0.802, 0.836, 0.829, 0.825, 0.841, 0.853, 0.837, 0.844, 0.867, 0.833, 0.808, 0.844, 0.817, 0.858, 0.814, 0.826]], 'F_score': [['KNN', 0.851, 0.837, 0.847, 0.815, 0.8, 0.846, 0.809, 0.856, 0.808, 0.843, 0.869, 0.785, 0.841, 0.837, 0.815, 0.871, 0.852, 0.828, 0.843, 0.798, 0.808, 0.86, 0.829, 0.84, 0.813], ['SVM', 0.838, 0.866, 0.847, 0.811, 0.845, 0.826, 0.861, 0.876, 0.834, 0.822, 0.89, 0.818, 0.86, 0.858, 0.808, 0.87, 0.876, 0.848, 0.878, 0.848, 0.829, 0.814, 0.895, 0.86, 0.848], ['NB', 0.867, 0.848, 0.826, 0.861, 0.877, 0.817, 0.873, 0.894, 0.843, 0.881, 0.855, 0.814, 0.894, 0.898, 0.841, 0.86, 0.879, 0.86, 0.856, 0.839, 0.866, 0.793, 0.874, 0.866, 0.813], ['RF', 0.889, 0.887, 0.872, 0.897, 0.877, 0.85, 0.897, 0.887, 0.881, 0.865, 0.872, 0.871, 0.857, 0.901, 0.89, 0.872, 0.882, 0.89, 0.893, 0.855, 0.867, 0.891, 0.909, 0.88, 0.867], ['LR', 0.836, 0.861, 0.848, 0.811, 0.833, 0.817, 0.887, 0.857, 0.817, 0.813, 0.858, 0.823, 0.858, 0.877, 0.794, 0.879, 0.861, 0.841, 0.864, 0.836, 0.826, 0.829, 0.888, 0.843, 0.838], ['DT', 0.852, 0.868, 0.844, 0.816, 0.875, 0.837, 0.824, 0.852, 0.875, 0.805, 0.857, 0.833, 0.86, 0.876, 0.857, 0.882, 0.866, 0.881, 0.847, 0.857, 0.866, 0.851, 0.847, 0.821, 0.847]], 'Accuracy': [['KNN', 0.78, 0.765, 0.772, 0.738, 0.723, 0.767, 0.725, 0.785, 0.732, 0.77, 0.807, 0.685, 0.772, 0.765, 0.736, 0.8, 0.785, 0.752, 0.765, 0.716, 0.727, 0.785, 0.758, 0.765, 0.73], ['SVM', 0.76, 0.805, 0.772, 0.718, 0.77, 0.747, 0.792, 0.805, 0.752, 0.743, 0.827, 0.725, 0.792, 0.792, 0.723, 0.793, 0.812, 0.779, 0.805, 0.777, 0.753, 0.725, 0.839, 0.792, 0.77], ['NB', 0.8, 0.779, 0.745, 0.779, 0.811, 0.733, 0.812, 0.832, 0.752, 0.818, 0.787, 0.718, 0.839, 0.839, 0.77, 0.773, 0.812, 0.799, 0.779, 0.764, 0.793, 0.698, 0.819, 0.792, 0.723], ['RF', 0.827, 0.819, 0.792, 0.832, 0.804, 0.76, 0.832, 0.812, 0.805, 0.791, 0.793, 0.785, 0.772, 0.839, 0.824, 0.793, 0.812, 0.826, 0.826, 0.77, 0.787, 0.819, 0.859, 0.805, 0.777], ['LR', 0.76, 0.799, 0.779, 0.718, 0.75, 0.733, 0.832, 0.779, 0.732, 0.736, 0.787, 0.732, 0.792, 0.819, 0.709, 0.807, 0.799, 0.772, 0.785, 0.764, 0.747, 0.752, 0.832, 0.772, 0.757], ['DT', 0.773, 0.785, 0.752, 0.718, 0.797, 0.74, 0.738, 0.758, 0.799, 0.696, 0.773, 0.738, 0.772, 0.799, 0.777, 0.807, 0.785, 0.812, 0.758, 0.764, 0.787, 0.758, 0.765, 0.718, 0.757]]}}

------------------------------------------------------------
Sender: LSF System <lsfadmin@n2e5-6>
Subject: Job 639703: </share2/aagrawa8/miniconda2/bin/python2.7 run.py _test ant.csv> Done

Job </share2/aagrawa8/miniconda2/bin/python2.7 run.py _test ant.csv> was submitted from host <login01.hpc.ncsu.edu> by user <aagrawa8> in cluster <henry2>.
Job was executed on host(s) <3*n2e5-6>, in queue <single_chassis>, as user <aagrawa8> in cluster <henry2>.
                            <5*n2e5-9>
</home/aagrawa8> was used as the home directory.
</home/aagrawa8/fss16591/project/code> was used as the working directory.
Started at Mon Nov 21 14:20:14 2016
Results reported at Mon Nov 21 14:39:07 2016

Your job looked like:

------------------------------------------------------------
# LSBATCH: User input
/share2/aagrawa8/miniconda2/bin/python2.7 run.py _test ant.csv
------------------------------------------------------------

Successfully completed.

Resource usage summary:

    CPU time   :   1120.18 sec.
    Max Memory :        53 MB
    Max Swap   :       830 MB

    Max Processes  :         3
    Max Threads    :        11

The output (if any) is above this job summary.



PS:

Read file <./err/ant.csv.err.639703> for stderr output of this job.

