Recall

rank ,         name ,    med   ,  iqr 
----------------------------------------------------
   1 ,          KNN ,    0.79  ,  0.06 (         -*    |              ), 0.77,  0.79,  0.83
   2 ,          SVM ,    0.83  ,  0.09 (        ------*|              ), 0.76,  0.83,  0.85
   2 ,           NB ,    0.83  ,  0.05 (             -*|              ), 0.81,  0.83,  0.86
   2 ,           LR ,    0.83  ,  0.05 (            --*|              ), 0.80,  0.83,  0.85
   3 ,           DT ,    0.94  ,  0.06 (               |    ----*     ), 0.89,  0.94,  0.95
   4 ,           RF ,    0.95  ,  0.03 (               |        -*    ), 0.94,  0.95,  0.97

Precision

rank ,         name ,    med   ,  iqr 
----------------------------------------------------
   1 ,          SVM ,    0.97  ,  0.02 (         --*   |              ), 0.96,  0.97,  0.98
   1 ,           RF ,    0.97  ,  0.02 (     -------*  |              ), 0.95,  0.97,  0.97
   1 ,           LR ,    0.97  ,  0.02 (          --*  |              ), 0.96,  0.97,  0.98
   1 ,           DT ,    0.97  ,  0.02 (     -------*  |              ), 0.95,  0.97,  0.97
   1 ,          KNN ,    0.98  ,  0.02 (        -------|-*            ), 0.96,  0.98,  0.98
   1 ,           NB ,    0.98  ,  0.02 (           ----|---*          ), 0.97,  0.98,  0.98

F_score

rank ,         name ,    med   ,  iqr 
----------------------------------------------------
   1 ,          KNN ,    0.87  ,  0.03 (           -*  |              ), 0.86,  0.87,  0.89
   2 ,          SVM ,    0.89  ,  0.05 (          -----*              ), 0.85,  0.89,  0.91
   2 ,           LR ,    0.89  ,  0.04 (             --*              ), 0.87,  0.89,  0.91
   2 ,           NB ,    0.90  ,  0.03 (              -|*             ), 0.89,  0.90,  0.92
   3 ,           DT ,    0.95  ,  0.03 (               |     ----*    ), 0.93,  0.95,  0.96
   3 ,           RF ,    0.96  ,  0.02 (               |         -*   ), 0.95,  0.96,  0.97

Accuracy

rank ,         name ,    med   ,  iqr 
----------------------------------------------------
   1 ,          KNN ,    0.78  ,  0.05 (         --*   |              ), 0.76,  0.78,  0.81
   2 ,          SVM ,    0.81  ,  0.08 (         -----*|              ), 0.75,  0.81,  0.84
   2 ,           LR ,    0.81  ,  0.06 (           ---*|              ), 0.78,  0.81,  0.84
   2 ,           NB ,    0.82  ,  0.06 (             --*              ), 0.80,  0.82,  0.85
   3 ,           DT ,    0.91  ,  0.06 (               |    ----*     ), 0.87,  0.91,  0.93
   3 ,           RF ,    0.93  ,  0.03 (               |        -*    ), 0.91,  0.93,  0.94

{'camel': {'Recall': [['KNN', 0.727, 0.815, 0.862, 0.8, 0.769, 0.697, 0.738, 0.8, 0.8, 0.862, 0.833, 0.831, 0.769, 0.785, 0.677, 0.818, 0.862, 0.785, 0.692, 0.877, 0.773, 0.769, 0.708, 0.862, 0.785], ['SVM', 0.833, 0.846, 0.815, 0.846, 0.815, 0.742, 0.754, 0.831, 0.785, 0.862, 0.758, 0.862, 0.892, 0.862, 0.723, 0.758, 0.908, 0.831, 0.846, 0.8, 0.773, 0.846, 0.692, 0.831, 0.754], ['NB', 0.818, 0.877, 0.862, 0.831, 0.846, 0.788, 0.8, 0.846, 0.815, 0.831, 0.894, 0.892, 0.862, 0.815, 0.662, 0.909, 0.846, 0.846, 0.815, 0.846, 0.773, 0.908, 0.754, 0.8, 0.831], ['RF', 0.894, 0.938, 0.969, 0.938, 0.954, 0.955, 0.954, 0.938, 0.938, 0.938, 1.0, 0.954, 0.954, 0.969, 0.908, 0.939, 0.938, 0.969, 0.969, 0.938, 0.985, 0.923, 0.969, 0.923, 0.969], ['LR', 0.833, 0.846, 0.846, 0.862, 0.785, 0.788, 0.8, 0.846, 0.815, 0.846, 0.803, 0.877, 0.862, 0.877, 0.738, 0.818, 0.923, 0.846, 0.831, 0.8, 0.758, 0.846, 0.769, 0.769, 0.8], ['DT', 0.909, 0.923, 0.892, 0.892, 0.969, 0.939, 0.877, 0.923, 0.923, 0.954, 0.909, 0.862, 0.985, 0.954, 0.877, 0.864, 0.969, 0.954, 0.954, 0.969, 0.97, 0.846, 0.954, 0.938, 0.938]], 'Precision': [['KNN', 0.96, 0.981, 0.949, 0.981, 1.0, 0.958, 0.96, 0.981, 0.981, 0.966, 0.948, 0.947, 0.98, 0.981, 0.978, 0.982, 0.949, 0.962, 0.978, 1.0, 0.981, 0.98, 0.958, 0.982, 0.962], ['SVM', 0.948, 0.982, 0.964, 0.982, 0.981, 0.98, 0.961, 1.0, 0.962, 0.966, 0.962, 0.949, 0.967, 0.982, 0.979, 0.98, 0.952, 0.964, 0.965, 1.0, 1.0, 0.948, 0.957, 0.964, 0.98], ['NB', 0.964, 0.983, 0.982, 0.982, 1.0, 0.945, 0.981, 0.982, 0.981, 0.982, 0.952, 0.983, 0.982, 1.0, 0.977, 0.968, 0.982, 0.965, 0.981, 1.0, 0.981, 0.967, 0.961, 0.981, 0.964], ['RF', 0.952, 0.968, 0.955, 0.984, 0.984, 0.955, 0.954, 0.968, 0.968, 0.968, 0.971, 0.969, 0.969, 0.969, 0.983, 0.954, 0.968, 0.969, 0.969, 0.984, 0.97, 0.952, 0.955, 0.968, 0.984], ['LR', 0.948, 0.982, 0.965, 0.982, 0.981, 0.963, 0.963, 1.0, 0.981, 0.965, 0.964, 0.983, 0.966, 0.983, 0.98, 0.964, 0.968, 0.965, 0.982, 1.0, 0.98, 0.948, 0.962, 0.962, 0.981], ['DT', 0.952, 0.968, 0.951, 0.983, 0.984, 0.969, 0.95, 0.968, 0.968, 0.969, 0.968, 0.949, 0.97, 0.969, 0.983, 0.966, 0.955, 0.984, 0.969, 0.984, 0.985, 0.948, 0.954, 0.968, 0.968]], 'F_score': [['KNN', 0.828, 0.891, 0.903, 0.881, 0.87, 0.807, 0.835, 0.881, 0.881, 0.911, 0.887, 0.885, 0.862, 0.872, 0.8, 0.893, 0.903, 0.864, 0.811, 0.934, 0.864, 0.862, 0.814, 0.918, 0.864], ['SVM', 0.887, 0.909, 0.883, 0.909, 0.891, 0.845, 0.845, 0.908, 0.864, 0.911, 0.847, 0.903, 0.928, 0.918, 0.832, 0.855, 0.929, 0.893, 0.902, 0.889, 0.872, 0.894, 0.804, 0.893, 0.852], ['NB', 0.885, 0.927, 0.918, 0.9, 0.917, 0.86, 0.881, 0.909, 0.891, 0.9, 0.922, 0.935, 0.918, 0.898, 0.789, 0.937, 0.909, 0.902, 0.891, 0.917, 0.864, 0.937, 0.845, 0.881, 0.893], ['RF', 0.922, 0.953, 0.962, 0.961, 0.969, 0.955, 0.954, 0.953, 0.953, 0.953, 0.985, 0.961, 0.961, 0.969, 0.944, 0.947, 0.953, 0.969, 0.969, 0.961, 0.977, 0.938, 0.962, 0.945, 0.977], ['LR', 0.887, 0.909, 0.902, 0.918, 0.872, 0.867, 0.874, 0.917, 0.891, 0.902, 0.876, 0.927, 0.911, 0.927, 0.842, 0.885, 0.945, 0.902, 0.9, 0.889, 0.855, 0.894, 0.855, 0.855, 0.881], ['DT', 0.93, 0.945, 0.921, 0.935, 0.977, 0.954, 0.912, 0.945, 0.945, 0.961, 0.937, 0.903, 0.977, 0.961, 0.927, 0.912, 0.962, 0.969, 0.961, 0.977, 0.977, 0.894, 0.954, 0.953, 0.953]], 'Accuracy': [['KNN', 0.71, 0.809, 0.824, 0.791, 0.776, 0.681, 0.721, 0.794, 0.791, 0.836, 0.797, 0.794, 0.765, 0.776, 0.672, 0.812, 0.824, 0.765, 0.687, 0.881, 0.768, 0.765, 0.691, 0.851, 0.761], ['SVM', 0.797, 0.838, 0.794, 0.836, 0.806, 0.739, 0.735, 0.838, 0.761, 0.836, 0.739, 0.824, 0.868, 0.851, 0.716, 0.754, 0.868, 0.809, 0.821, 0.806, 0.783, 0.809, 0.676, 0.806, 0.746], ['NB', 0.797, 0.868, 0.853, 0.821, 0.851, 0.754, 0.794, 0.838, 0.806, 0.821, 0.855, 0.882, 0.853, 0.821, 0.657, 0.884, 0.838, 0.824, 0.806, 0.851, 0.768, 0.882, 0.735, 0.791, 0.806], ['RF', 0.855, 0.912, 0.926, 0.925, 0.94, 0.913, 0.912, 0.912, 0.91, 0.91, 0.971, 0.926, 0.926, 0.94, 0.896, 0.899, 0.912, 0.941, 0.94, 0.925, 0.957, 0.882, 0.926, 0.896, 0.955], ['LR', 0.797, 0.838, 0.824, 0.851, 0.776, 0.768, 0.779, 0.853, 0.806, 0.821, 0.783, 0.868, 0.838, 0.866, 0.731, 0.797, 0.897, 0.824, 0.821, 0.806, 0.754, 0.809, 0.75, 0.746, 0.791], ['DT', 0.87, 0.897, 0.853, 0.881, 0.955, 0.913, 0.838, 0.897, 0.896, 0.925, 0.884, 0.824, 0.956, 0.925, 0.866, 0.841, 0.926, 0.941, 0.925, 0.955, 0.957, 0.809, 0.912, 0.91, 0.91]]}}

------------------------------------------------------------
Sender: LSF System <lsfadmin@n2e1-9>
Subject: Job 639705: </share2/aagrawa8/miniconda2/bin/python2.7 run.py _test camel.csv> Done

Job </share2/aagrawa8/miniconda2/bin/python2.7 run.py _test camel.csv> was submitted from host <login01.hpc.ncsu.edu> by user <aagrawa8> in cluster <henry2>.
Job was executed on host(s) <6*n2e1-9>, in queue <single_chassis>, as user <aagrawa8> in cluster <henry2>.
                            <2*n2e1-3>
</home/aagrawa8> was used as the home directory.
</home/aagrawa8/fss16591/project/code> was used as the working directory.
Started at Mon Nov 21 14:20:14 2016
Results reported at Mon Nov 21 14:22:18 2016

Your job looked like:

------------------------------------------------------------
# LSBATCH: User input
/share2/aagrawa8/miniconda2/bin/python2.7 run.py _test camel.csv
------------------------------------------------------------

Successfully completed.

Resource usage summary:

    CPU time   :    109.68 sec.
    Max Memory :        49 MB
    Max Swap   :       828 MB

    Max Processes  :         3
    Max Threads    :        11

The output (if any) is above this job summary.



PS:

Read file <./err/camel.csv.err.639705> for stderr output of this job.

