Recall

rank ,         name ,    med   ,  iqr 
----------------------------------------------------
   1 ,          KNN ,    0.33  ,  0.33 (         *     |              ), 0.33,  0.33,  0.67
   1 ,           RF ,    0.33  ,  0.67 (---------*     |              ), 0.00,  0.33,  0.67
   1 ,           DT ,    0.33  ,  0.33 (         *     |              ), 0.33,  0.33,  0.67
   2 ,          SVM ,    0.67  ,  0.67 (         ------|----*         ), 0.33,  0.67,  1.00
   2 ,           NB ,    0.67  ,  0.33 (               |    *         ), 0.67,  0.67,  1.00
   2 ,           LR ,    0.67  ,  0.67 (         ------|----*         ), 0.33,  0.67,  1.00

Precision

rank ,         name ,    med   ,  iqr 
----------------------------------------------------
   1 ,          KNN ,    0.08  ,  0.04 ( -*            |              ), 0.06,  0.08,  0.10
   2 ,           NB ,    0.12  ,  0.05 (  -*           |              ), 0.09,  0.12,  0.14
   2 ,          SVM ,    0.14  ,  0.08 (  --*          |              ), 0.10,  0.14,  0.18
   2 ,           LR ,    0.14  ,  0.10 (   -*          |              ), 0.11,  0.14,  0.21
   3 ,           RF ,    0.20  ,  0.33 (-----*         |              ), 0.00,  0.20,  0.33
   3 ,           DT ,    0.22  ,  0.19 (    --*        |              ), 0.14,  0.22,  0.33

F_score

rank ,         name ,    med   ,  iqr 
----------------------------------------------------
   1 ,          KNN ,    0.14  ,  0.07 (   --*         |              ), 0.10,  0.14,  0.17
   2 ,           NB ,    0.21  ,  0.09 (     --*       |              ), 0.16,  0.21,  0.25
   2 ,          SVM ,    0.23  ,  0.15 (     ---*      |              ), 0.15,  0.23,  0.30
   2 ,           LR ,    0.23  ,  0.13 (      --*      |              ), 0.17,  0.23,  0.30
   2 ,           RF ,    0.25  ,  0.40 (---------*     |              ), 0.00,  0.25,  0.40
   2 ,           DT ,    0.29  ,  0.20 (       ---*    |              ), 0.20,  0.29,  0.40

Accuracy

rank ,         name ,    med   ,  iqr 
----------------------------------------------------
   1 ,          KNN ,    0.52  ,  0.09 (              -|*             ), 0.48,  0.52,  0.56
   1 ,           NB ,    0.55  ,  0.12 (              -|*             ), 0.49,  0.55,  0.61
   2 ,          SVM ,    0.69  ,  0.10 (               |   --*        ), 0.63,  0.69,  0.74
   2 ,           LR ,    0.71  ,  0.12 (               |   --*        ), 0.63,  0.71,  0.76
   2 ,           DT ,    0.83  ,  0.08 (               |        -*    ), 0.80,  0.83,  0.88
   2 ,           RF ,    0.85  ,  0.88 (---------------|----------*   ), 0.00,  0.85,  0.88

{'log4j': {'Recall': [['KNN', 0.25, 0.667, 0.667, 0.667, 0.667, 0.75, 0.333, 0.333, 0.333, 0.333, 0.25, 0.333, 1.0, 0.333, 0.667, 0.25, 1.0, 1.0, 0.333, 0.0, 0.25, 0.667, 0.333, 0.667, 0.667], ['SVM', 0.5, 1.0, 0.667, 0.0, 0.333, 0.25, 0.667, 0.667, 0.333, 1.0, 0.5, 1.0, 1.0, 0.333, 0.0, 0.25, 0.667, 1.0, 1.0, 0.667, 0.0, 1.0, 0.333, 1.0, 1.0], ['NB', 0.75, 0.667, 0.667, 0.667, 0.667, 0.75, 0.667, 1.0, 0.667, 1.0, 0.5, 1.0, 1.0, 0.667, 0.667, 0.25, 1.0, 1.0, 0.667, 0.667, 0.75, 0.333, 0.667, 1.0, 0.667], ['RF', 0.25, 0.667, 1.0, 0.0, 0.667, 0.0, 0.667, 0.0, 0.333, 0.667, 0.0, 0.333, 0.333, 0.333, 0.333, 0.25, 0.0, 1.0, 0.333, 0.333, 0.0, 0.333, 0.333, 0.667, 0.0], ['LR', 0.5, 1.0, 0.667, 0.0, 0.333, 0.0, 0.667, 0.667, 0.333, 1.0, 0.25, 1.0, 1.0, 0.333, 0.333, 0.25, 1.0, 1.0, 0.667, 0.667, 0.0, 1.0, 0.333, 1.0, 1.0], ['DT', 0.25, 0.333, 0.333, 0.333, 0.333, 0.25, 0.333, 0.0, 0.333, 0.0, 0.0, 0.667, 1.0, 0.333, 0.667, 0.5, 0.333, 0.667, 0.667, 0.333, 0.75, 0.667, 0.0, 0.667, 0.333]], 'Precision': [['KNN', 0.083, 0.087, 0.083, 0.091, 0.08, 0.143, 0.063, 0.059, 0.063, 0.091, 0.05, 0.059, 0.143, 0.067, 0.1, 0.067, 0.125, 0.12, 0.059, 0.0, 0.056, 0.095, 0.043, 0.095, 0.095], ['SVM', 0.143, 0.2, 0.143, 0.0, 0.1, 0.111, 0.182, 0.167, 0.091, 0.25, 0.154, 0.167, 0.231, 0.167, 0.0, 0.091, 0.125, 0.25, 0.188, 0.125, 0.0, 0.273, 0.071, 0.143, 0.176], ['NB', 0.12, 0.118, 0.091, 0.111, 0.154, 0.136, 0.091, 0.167, 0.118, 0.2, 0.133, 0.136, 0.167, 0.1, 0.091, 0.059, 0.143, 0.143, 0.091, 0.154, 0.15, 0.05, 0.091, 0.125, 0.105], ['RF', 0.167, 1.0, 0.333, 0.0, 0.5, 0.0, 0.25, 0.0, 0.25, 0.25, 0.0, 0.2, 0.5, 0.5, 0.2, 0.25, 0.0, 0.333, 0.5, 0.2, 0.0, 0.2, 0.167, 0.4, 0.0], ['LR', 0.143, 0.214, 0.143, 0.0, 0.125, 0.0, 0.222, 0.167, 0.111, 0.273, 0.125, 0.176, 0.25, 0.25, 0.056, 0.1, 0.167, 0.214, 0.125, 0.125, 0.0, 0.231, 0.091, 0.176, 0.176], ['DT', 0.333, 0.5, 0.143, 0.167, 0.143, 0.333, 0.167, 0.0, 0.2, 0.0, 0.0, 0.5, 0.5, 0.25, 0.25, 0.667, 0.143, 0.125, 0.5, 0.143, 0.429, 0.286, 0.0, 0.222, 0.333]], 'F_score': [['KNN', 0.125, 0.154, 0.148, 0.16, 0.143, 0.24, 0.105, 0.1, 0.105, 0.143, 0.083, 0.1, 0.25, 0.111, 0.174, 0.105, 0.222, 0.214, 0.1, 0.0, 0.091, 0.167, 0.077, 0.167, 0.167], ['SVM', 0.222, 0.333, 0.235, 0.0, 0.154, 0.154, 0.286, 0.267, 0.143, 0.4, 0.235, 0.286, 0.375, 0.222, 0.0, 0.133, 0.211, 0.4, 0.316, 0.211, 0.0, 0.429, 0.118, 0.25, 0.3], ['NB', 0.207, 0.2, 0.16, 0.19, 0.25, 0.231, 0.16, 0.286, 0.2, 0.333, 0.211, 0.24, 0.286, 0.174, 0.16, 0.095, 0.25, 0.25, 0.16, 0.25, 0.25, 0.087, 0.16, 0.222, 0.182], ['RF', 0.2, 0.8, 0.5, 0.0, 0.571, 0.0, 0.364, 0.0, 0.286, 0.364, 0.0, 0.25, 0.4, 0.4, 0.25, 0.25, 0.0, 0.5, 0.4, 0.25, 0.0, 0.25, 0.222, 0.5, 0.0], ['LR', 0.222, 0.353, 0.235, 0.0, 0.182, 0.0, 0.333, 0.267, 0.167, 0.429, 0.167, 0.3, 0.4, 0.286, 0.095, 0.143, 0.286, 0.353, 0.211, 0.211, 0.0, 0.375, 0.143, 0.3, 0.3], ['DT', 0.286, 0.4, 0.2, 0.222, 0.2, 0.286, 0.222, 0.0, 0.25, 0.0, 0.0, 0.571, 0.667, 0.286, 0.364, 0.571, 0.2, 0.211, 0.571, 0.2, 0.545, 0.4, 0.0, 0.333, 0.333]], 'Accuracy': [['KNN', 0.667, 0.463, 0.439, 0.488, 0.4, 0.548, 0.585, 0.561, 0.585, 0.7, 0.476, 0.561, 0.561, 0.61, 0.525, 0.595, 0.488, 0.463, 0.561, 0.0, 0.524, 0.512, 0.415, 0.512, 0.5], ['SVM', 0.667, 0.707, 0.683, 0.0, 0.725, 0.738, 0.756, 0.732, 0.707, 0.775, 0.69, 0.634, 0.756, 0.829, 0.0, 0.69, 0.634, 0.78, 0.683, 0.625, 0.0, 0.805, 0.634, 0.561, 0.65], ['NB', 0.452, 0.61, 0.488, 0.585, 0.7, 0.524, 0.488, 0.634, 0.61, 0.7, 0.643, 0.537, 0.634, 0.537, 0.475, 0.548, 0.561, 0.561, 0.488, 0.7, 0.571, 0.488, 0.488, 0.488, 0.55], ['RF', 0.81, 0.976, 0.854, 0.0, 0.925, 0.0, 0.829, 0.0, 0.878, 0.825, 0.0, 0.854, 0.927, 0.927, 0.85, 0.857, 0.0, 0.854, 0.927, 0.85, 0.0, 0.854, 0.829, 0.902, 0.0], ['LR', 0.667, 0.732, 0.683, 0.0, 0.775, 0.0, 0.805, 0.732, 0.756, 0.8, 0.762, 0.659, 0.78, 0.878, 0.525, 0.714, 0.634, 0.732, 0.634, 0.625, 0.0, 0.756, 0.707, 0.659, 0.65], ['DT', 0.881, 0.927, 0.805, 0.829, 0.8, 0.881, 0.829, 0.0, 0.854, 0.0, 0.0, 0.927, 0.927, 0.878, 0.825, 0.929, 0.805, 0.634, 0.927, 0.8, 0.881, 0.854, 0.0, 0.805, 0.9]]}}

------------------------------------------------------------
Sender: LSF System <lsfadmin@n2d2-3>
Subject: Job 639708: </share2/aagrawa8/miniconda2/bin/python2.7 run.py _test log4j.csv> Done

Job </share2/aagrawa8/miniconda2/bin/python2.7 run.py _test log4j.csv> was submitted from host <login01.hpc.ncsu.edu> by user <aagrawa8> in cluster <henry2>.
Job was executed on host(s) <4*n2d2-3>, in queue <single_chassis>, as user <aagrawa8> in cluster <henry2>.
                            <4*n2d2-5>
</home/aagrawa8> was used as the home directory.
</home/aagrawa8/fss16591/project/code> was used as the working directory.
Started at Mon Nov 21 14:20:23 2016
Results reported at Mon Nov 21 14:21:38 2016

Your job looked like:

------------------------------------------------------------
# LSBATCH: User input
/share2/aagrawa8/miniconda2/bin/python2.7 run.py _test log4j.csv
------------------------------------------------------------

Successfully completed.

Resource usage summary:

    CPU time   :     51.84 sec.
    Max Memory :        51 MB
    Max Swap   :       828 MB

    Max Processes  :         3
    Max Threads    :        11

The output (if any) is above this job summary.



PS:

Read file <./err/log4j.csv.err.639708> for stderr output of this job.

