Recall

rank ,         name ,    med   ,  iqr 
----------------------------------------------------
   1 ,           NB ,    0.30  ,  0.18 (     -*        |              ), 0.27,  0.30,  0.45
   2 ,          KNN ,    0.70  ,  0.13 (               | --*          ), 0.63,  0.70,  0.76
   3 ,           LR ,    0.83  ,  0.07 (               |       -*     ), 0.80,  0.83,  0.87
   3 ,          SVM ,    0.87  ,  0.07 (               |        -*    ), 0.83,  0.87,  0.90
   4 ,           DT ,    0.90  ,  0.07 (               |         -*   ), 0.87,  0.90,  0.93
   4 ,           RF ,    0.93  ,  0.07 (               |          -*  ), 0.90,  0.93,  0.97

Precision

rank ,         name ,    med   ,  iqr 
----------------------------------------------------
   1 ,          KNN ,    0.86  ,  0.03 (        ---*   |              ), 0.85,  0.86,  0.88
   2 ,           DT ,    0.90  ,  0.03 (             --*              ), 0.88,  0.90,  0.91
   2 ,           RF ,    0.90  ,  0.06 (            ---|*             ), 0.88,  0.90,  0.93
   2 ,           LR ,    0.90  ,  0.07 (              -|*             ), 0.89,  0.90,  0.96
   2 ,          SVM ,    0.90  ,  0.06 (               |*             ), 0.90,  0.90,  0.96
   2 ,           NB ,    0.93  ,  0.12 (            ---|----*         ), 0.88,  0.93,  1.00

F_score

rank ,         name ,    med   ,  iqr 
----------------------------------------------------
   1 ,           NB ,    0.46  ,  0.20 (        --*    |              ), 0.40,  0.46,  0.60
   2 ,          KNN ,    0.77  ,  0.07 (               |    -*        ), 0.73,  0.77,  0.80
   3 ,           LR ,    0.87  ,  0.03 (               |         *    ), 0.85,  0.87,  0.88
   3 ,          SVM ,    0.89  ,  0.03 (               |          *   ), 0.88,  0.89,  0.90
   3 ,           DT ,    0.90  ,  0.05 (               |         -*   ), 0.87,  0.90,  0.92
   4 ,           RF ,    0.92  ,  0.04 (               |          -*  ), 0.90,  0.92,  0.93

Accuracy

rank ,         name ,    med   ,  iqr 
----------------------------------------------------
   1 ,           NB ,    0.42  ,  0.11 (   ---*        |              ), 0.34,  0.42,  0.46
   2 ,          KNN ,    0.65  ,  0.09 (              -|*             ), 0.60,  0.65,  0.69
   3 ,           LR ,    0.80  ,  0.04 (               |     -*       ), 0.77,  0.80,  0.81
   3 ,          SVM ,    0.81  ,  0.03 (               |      -*      ), 0.80,  0.81,  0.83
   3 ,           DT ,    0.83  ,  0.08 (               |     ---*     ), 0.78,  0.83,  0.86
   4 ,           RF ,    0.85  ,  0.06 (               |       --*    ), 0.82,  0.85,  0.89

{'redaktor': {'Recall': [['KNN', 0.667, 0.633, 0.8, 0.8, 0.759, 0.633, 0.833, 0.6, 0.7, 0.724, 0.667, 0.667, 0.6, 0.767, 0.724, 0.733, 0.733, 0.633, 0.633, 0.586, 0.6, 0.5, 0.7, 0.867, 0.828], ['SVM', 0.833, 0.867, 0.867, 0.867, 0.828, 0.867, 0.867, 0.933, 0.933, 1.0, 0.9, 0.867, 0.867, 0.9, 0.862, 0.9, 0.867, 0.733, 0.767, 0.828, 0.933, 0.833, 0.8, 0.933, 0.966], ['NB', 0.233, 0.1, 0.367, 0.467, 0.345, 0.333, 0.267, 0.333, 0.533, 0.276, 0.3, 0.3, 0.233, 0.267, 0.483, 0.567, 0.233, 0.267, 0.267, 0.448, 0.133, 0.2, 0.3, 0.5, 0.483], ['RF', 0.967, 0.9, 0.933, 0.933, 0.897, 1.0, 0.867, 0.933, 0.867, 0.897, 0.833, 0.9, 0.933, 0.933, 0.966, 1.0, 0.9, 0.967, 0.933, 0.931, 0.933, 0.867, 0.967, 0.967, 0.931], ['LR', 0.767, 0.767, 0.867, 0.8, 0.828, 0.9, 0.867, 0.967, 0.833, 0.966, 0.8, 0.867, 0.833, 0.867, 0.828, 0.9, 0.867, 0.767, 0.8, 0.759, 0.867, 0.8, 0.767, 0.9, 0.966], ['DT', 0.933, 0.833, 0.867, 0.967, 0.931, 1.0, 0.933, 0.933, 0.9, 0.931, 0.7, 0.9, 0.967, 0.867, 0.931, 0.967, 0.867, 0.833, 0.833, 0.897, 0.9, 0.867, 0.767, 0.867, 0.897]], 'Precision': [['KNN', 0.909, 0.826, 0.889, 0.857, 0.846, 0.864, 0.862, 0.9, 0.808, 0.84, 0.87, 0.87, 0.9, 0.852, 0.84, 0.88, 0.88, 0.905, 0.864, 0.85, 0.783, 0.833, 0.875, 0.867, 0.889], ['SVM', 0.962, 0.897, 0.963, 0.897, 0.923, 0.897, 0.867, 1.0, 0.875, 0.935, 0.964, 0.897, 0.929, 0.9, 0.893, 0.9, 0.897, 0.957, 1.0, 0.889, 0.903, 0.962, 0.923, 0.848, 0.933], ['NB', 0.875, 1.0, 0.917, 0.824, 1.0, 0.909, 1.0, 1.0, 0.889, 0.8, 1.0, 1.0, 1.0, 0.889, 0.875, 0.895, 1.0, 1.0, 0.8, 0.929, 0.8, 1.0, 1.0, 0.833, 0.933], ['RF', 0.935, 0.871, 0.933, 0.875, 0.897, 0.909, 0.867, 0.966, 0.867, 0.897, 0.893, 0.871, 0.933, 0.903, 0.875, 0.938, 0.9, 0.906, 0.903, 0.9, 0.875, 0.963, 0.906, 0.853, 0.931], ['LR', 0.958, 0.885, 1.0, 0.889, 0.889, 0.9, 0.867, 1.0, 0.862, 0.966, 0.96, 0.897, 0.926, 0.897, 0.923, 0.9, 0.897, 0.958, 0.923, 0.88, 0.897, 0.96, 0.92, 0.844, 0.933], ['DT', 0.933, 0.893, 0.897, 0.879, 0.9, 0.909, 0.875, 0.966, 0.9, 0.9, 0.808, 0.871, 0.906, 0.897, 0.931, 0.935, 0.897, 0.893, 0.893, 0.839, 0.871, 0.963, 0.885, 0.839, 0.929]], 'F_score': [['KNN', 0.769, 0.717, 0.842, 0.828, 0.8, 0.731, 0.847, 0.72, 0.75, 0.778, 0.755, 0.755, 0.72, 0.807, 0.778, 0.8, 0.8, 0.745, 0.731, 0.694, 0.679, 0.625, 0.778, 0.867, 0.857], ['SVM', 0.893, 0.881, 0.912, 0.881, 0.873, 0.881, 0.867, 0.966, 0.903, 0.967, 0.931, 0.881, 0.897, 0.9, 0.877, 0.9, 0.881, 0.83, 0.868, 0.857, 0.918, 0.893, 0.857, 0.889, 0.949], ['NB', 0.368, 0.182, 0.524, 0.596, 0.513, 0.488, 0.421, 0.5, 0.667, 0.41, 0.462, 0.462, 0.378, 0.41, 0.622, 0.694, 0.378, 0.421, 0.4, 0.605, 0.229, 0.333, 0.462, 0.625, 0.636], ['RF', 0.951, 0.885, 0.933, 0.903, 0.897, 0.952, 0.867, 0.949, 0.867, 0.897, 0.862, 0.885, 0.933, 0.918, 0.918, 0.968, 0.9, 0.935, 0.918, 0.915, 0.903, 0.912, 0.935, 0.906, 0.931], ['LR', 0.852, 0.821, 0.929, 0.842, 0.857, 0.9, 0.867, 0.983, 0.847, 0.966, 0.873, 0.881, 0.877, 0.881, 0.873, 0.9, 0.881, 0.852, 0.857, 0.815, 0.881, 0.873, 0.836, 0.871, 0.949], ['DT', 0.933, 0.862, 0.881, 0.921, 0.915, 0.952, 0.903, 0.949, 0.9, 0.915, 0.75, 0.885, 0.935, 0.881, 0.931, 0.951, 0.881, 0.862, 0.862, 0.867, 0.885, 0.912, 0.821, 0.852, 0.912]], 'Accuracy': [['KNN', 0.667, 0.583, 0.743, 0.714, 0.676, 0.611, 0.75, 0.6, 0.6, 0.647, 0.639, 0.639, 0.6, 0.686, 0.647, 0.694, 0.694, 0.629, 0.6, 0.559, 0.528, 0.5, 0.657, 0.771, 0.765], ['SVM', 0.833, 0.806, 0.857, 0.8, 0.794, 0.806, 0.778, 0.943, 0.829, 0.941, 0.889, 0.806, 0.829, 0.829, 0.794, 0.833, 0.806, 0.743, 0.8, 0.765, 0.861, 0.833, 0.771, 0.8, 0.912], ['NB', 0.333, 0.25, 0.429, 0.457, 0.441, 0.417, 0.389, 0.429, 0.543, 0.324, 0.417, 0.417, 0.343, 0.343, 0.5, 0.583, 0.361, 0.371, 0.314, 0.5, 0.25, 0.333, 0.4, 0.486, 0.529], ['RF', 0.917, 0.806, 0.886, 0.829, 0.824, 0.917, 0.778, 0.914, 0.771, 0.824, 0.778, 0.806, 0.886, 0.857, 0.853, 0.944, 0.833, 0.886, 0.857, 0.853, 0.833, 0.861, 0.886, 0.829, 0.882], ['LR', 0.778, 0.722, 0.886, 0.743, 0.765, 0.833, 0.778, 0.971, 0.743, 0.941, 0.806, 0.806, 0.8, 0.8, 0.794, 0.833, 0.806, 0.771, 0.771, 0.706, 0.806, 0.806, 0.743, 0.771, 0.912], ['DT', 0.889, 0.778, 0.8, 0.857, 0.853, 0.917, 0.833, 0.914, 0.829, 0.853, 0.611, 0.806, 0.886, 0.8, 0.882, 0.917, 0.806, 0.771, 0.771, 0.765, 0.806, 0.861, 0.714, 0.743, 0.853]]}}

------------------------------------------------------------
Sender: LSF System <lsfadmin@n2c3-1>
Subject: Job 639711: </share2/aagrawa8/miniconda2/bin/python2.7 run.py _test redaktor.csv> Done

Job </share2/aagrawa8/miniconda2/bin/python2.7 run.py _test redaktor.csv> was submitted from host <login01.hpc.ncsu.edu> by user <aagrawa8> in cluster <henry2>.
Job was executed on host(s) <4*n2c3-1>, in queue <single_chassis>, as user <aagrawa8> in cluster <henry2>.
                            <4*n2c3-12>
</home/aagrawa8> was used as the home directory.
</home/aagrawa8/fss16591/project/code> was used as the working directory.
Started at Mon Nov 21 14:20:23 2016
Results reported at Mon Nov 21 14:22:07 2016

Your job looked like:

------------------------------------------------------------
# LSBATCH: User input
/share2/aagrawa8/miniconda2/bin/python2.7 run.py _test redaktor.csv
------------------------------------------------------------

Successfully completed.

Resource usage summary:

    CPU time   :     98.26 sec.
    Max Memory :        51 MB
    Max Swap   :       964 MB

    Max Processes  :         3
    Max Threads    :        15

The output (if any) is above this job summary.



PS:

Read file <./err/redaktor.csv.err.639711> for stderr output of this job.

