Recall

rank ,         name ,    med   ,  iqr 
----------------------------------------------------
   1 ,          KNN ,    0.73  ,  0.12 (         --*   |              ), 0.71,  0.73,  0.82
   1 ,          SVM ,    0.79  ,  0.12 (           ----*              ), 0.73,  0.79,  0.85
   1 ,           NB ,    0.79  ,  0.09 (              -*              ), 0.77,  0.79,  0.85
   1 ,           LR ,    0.79  ,  0.12 (           ----*              ), 0.73,  0.79,  0.85
   2 ,           DT ,    0.85  ,  0.09 (               |---*          ), 0.79,  0.85,  0.88
   2 ,           RF ,    0.91  ,  0.09 (               |   -----*     ), 0.85,  0.91,  0.94

Precision

rank ,         name ,    med   ,  iqr 
----------------------------------------------------
   1 ,           DT ,    0.74  ,  0.04 (   --*         |              ), 0.72,  0.74,  0.76
   1 ,           RF ,    0.76  ,  0.07 (     --*       |              ), 0.73,  0.76,  0.80
   2 ,           NB ,    0.78  ,  0.06 (      ----*    |              ), 0.75,  0.78,  0.81
   2 ,          SVM ,    0.80  ,  0.05 (         --*   |              ), 0.77,  0.80,  0.82
   2 ,          KNN ,    0.81  ,  0.06 (         ----* |              ), 0.77,  0.81,  0.83
   2 ,           LR ,    0.81  ,  0.07 (        -----* |              ), 0.77,  0.81,  0.83

F_score

rank ,         name ,    med   ,  iqr 
----------------------------------------------------
   1 ,           NB ,    0.79  ,  0.05 (              -|-*            ), 0.77,  0.79,  0.82
   1 ,           DT ,    0.79  ,  0.04 (               |-*            ), 0.77,  0.79,  0.81
   1 ,          KNN ,    0.79  ,  0.08 (          -----|-*            ), 0.73,  0.79,  0.82
   1 ,          SVM ,    0.80  ,  0.07 (             --|--*           ), 0.76,  0.80,  0.82
   1 ,           LR ,    0.80  ,  0.05 (               |--*           ), 0.77,  0.80,  0.82
   2 ,           RF ,    0.82  ,  0.06 (               | ----*        ), 0.79,  0.82,  0.85

Accuracy

rank ,         name ,    med   ,  iqr 
----------------------------------------------------
   1 ,           NB ,    0.71  ,  0.08 (            --*|              ), 0.69,  0.71,  0.77
   1 ,           DT ,    0.71  ,  0.05 (           ---*|              ), 0.67,  0.71,  0.72
   2 ,          KNN ,    0.72  ,  0.10 (          -----|*             ), 0.67,  0.72,  0.77
   2 ,           LR ,    0.73  ,  0.05 (               |-*            ), 0.71,  0.73,  0.77
   2 ,          SVM ,    0.74  ,  0.08 (            ---|---*          ), 0.69,  0.74,  0.77
   2 ,           RF ,    0.74  ,  0.10 (            ---|---*          ), 0.69,  0.74,  0.78

{'synapse': {'Recall': [['KNN', 0.735, 0.824, 0.706, 0.853, 0.647, 0.735, 0.853, 0.706, 0.735, 0.706, 0.853, 0.735, 0.794, 0.676, 0.853, 0.706, 0.853, 0.853, 0.824, 0.588, 0.735, 0.824, 0.647, 0.794, 0.647], ['SVM', 0.882, 0.794, 0.588, 0.912, 0.618, 0.824, 0.912, 0.765, 0.824, 0.824, 0.853, 0.765, 0.735, 0.647, 0.735, 0.735, 0.882, 0.912, 0.794, 0.559, 0.765, 0.735, 0.735, 0.912, 0.794], ['NB', 0.882, 0.676, 0.853, 0.853, 0.559, 0.824, 0.912, 0.706, 0.882, 0.765, 0.794, 0.765, 0.765, 0.706, 0.853, 0.794, 0.882, 0.853, 0.824, 0.647, 0.765, 0.794, 0.735, 0.912, 0.824], ['RF', 0.971, 1.0, 0.941, 0.971, 0.706, 0.882, 0.882, 0.824, 0.912, 0.824, 0.882, 0.853, 0.853, 0.824, 0.941, 0.941, 0.941, 0.971, 0.941, 0.735, 1.0, 0.853, 0.794, 0.912, 0.941], ['LR', 0.853, 0.853, 0.588, 0.941, 0.647, 0.824, 0.882, 0.706, 0.794, 0.794, 0.853, 0.735, 0.765, 0.647, 0.735, 0.765, 0.882, 0.912, 0.824, 0.588, 0.735, 0.765, 0.794, 0.882, 0.794], ['DT', 0.794, 0.941, 0.882, 0.882, 0.765, 0.794, 0.941, 0.853, 0.853, 0.853, 0.912, 0.735, 0.941, 0.794, 0.824, 0.706, 0.882, 0.882, 0.794, 0.706, 0.971, 0.853, 0.765, 0.882, 0.824]], 'Precision': [['KNN', 0.833, 0.824, 0.828, 0.763, 0.786, 0.806, 0.806, 0.923, 0.735, 0.75, 0.744, 0.758, 0.844, 0.821, 0.806, 0.727, 0.784, 0.879, 0.848, 0.769, 0.962, 0.8, 0.815, 0.794, 0.815], ['SVM', 0.769, 0.818, 0.714, 0.816, 0.875, 0.778, 0.795, 0.929, 0.8, 0.824, 0.744, 0.839, 0.781, 0.759, 0.862, 0.758, 0.811, 0.795, 0.794, 0.76, 0.788, 0.781, 0.758, 0.795, 0.844], ['NB', 0.732, 0.821, 0.784, 0.744, 0.76, 0.737, 0.838, 0.923, 0.789, 0.813, 0.75, 0.788, 0.813, 0.8, 0.806, 0.711, 0.75, 0.853, 0.824, 0.759, 0.765, 0.75, 0.781, 0.775, 0.757], ['RF', 0.786, 0.756, 0.762, 0.717, 0.8, 0.75, 0.714, 0.848, 0.756, 0.757, 0.714, 0.829, 0.725, 0.737, 0.8, 0.727, 0.8, 0.733, 0.78, 0.735, 0.81, 0.784, 0.75, 0.705, 0.821], ['LR', 0.784, 0.829, 0.714, 0.78, 0.846, 0.757, 0.833, 0.923, 0.818, 0.844, 0.763, 0.833, 0.813, 0.759, 0.893, 0.765, 0.811, 0.775, 0.778, 0.741, 0.806, 0.813, 0.75, 0.769, 0.844], ['DT', 0.75, 0.744, 0.769, 0.732, 0.788, 0.711, 0.711, 0.784, 0.763, 0.763, 0.689, 0.758, 0.727, 0.75, 0.737, 0.706, 0.732, 0.811, 0.794, 0.686, 0.733, 0.725, 0.722, 0.698, 0.757]], 'F_score': [['KNN', 0.781, 0.824, 0.762, 0.806, 0.71, 0.769, 0.829, 0.8, 0.735, 0.727, 0.795, 0.746, 0.818, 0.742, 0.829, 0.716, 0.817, 0.866, 0.836, 0.667, 0.833, 0.812, 0.721, 0.794, 0.721], ['SVM', 0.822, 0.806, 0.645, 0.861, 0.724, 0.8, 0.849, 0.839, 0.812, 0.824, 0.795, 0.8, 0.758, 0.698, 0.794, 0.746, 0.845, 0.849, 0.794, 0.644, 0.776, 0.758, 0.746, 0.849, 0.818], ['NB', 0.8, 0.742, 0.817, 0.795, 0.644, 0.778, 0.873, 0.8, 0.833, 0.788, 0.771, 0.776, 0.788, 0.75, 0.829, 0.75, 0.811, 0.853, 0.824, 0.698, 0.765, 0.771, 0.758, 0.838, 0.789], ['RF', 0.868, 0.861, 0.842, 0.825, 0.75, 0.811, 0.789, 0.836, 0.827, 0.789, 0.789, 0.841, 0.784, 0.778, 0.865, 0.821, 0.865, 0.835, 0.853, 0.735, 0.895, 0.817, 0.771, 0.795, 0.877], ['LR', 0.817, 0.841, 0.645, 0.853, 0.733, 0.789, 0.857, 0.8, 0.806, 0.818, 0.806, 0.781, 0.788, 0.698, 0.806, 0.765, 0.845, 0.838, 0.8, 0.656, 0.769, 0.788, 0.771, 0.822, 0.818], ['DT', 0.771, 0.831, 0.822, 0.8, 0.776, 0.75, 0.81, 0.817, 0.806, 0.806, 0.785, 0.746, 0.821, 0.771, 0.778, 0.706, 0.8, 0.845, 0.794, 0.696, 0.835, 0.784, 0.743, 0.779, 0.789]], 'Accuracy': [['KNN', 0.731, 0.765, 0.706, 0.725, 0.647, 0.712, 0.765, 0.765, 0.647, 0.647, 0.712, 0.667, 0.765, 0.686, 0.765, 0.635, 0.745, 0.824, 0.784, 0.608, 0.808, 0.745, 0.667, 0.725, 0.667], ['SVM', 0.75, 0.745, 0.569, 0.804, 0.686, 0.731, 0.784, 0.804, 0.745, 0.765, 0.712, 0.745, 0.686, 0.627, 0.745, 0.673, 0.784, 0.784, 0.725, 0.588, 0.712, 0.686, 0.667, 0.784, 0.765], ['NB', 0.712, 0.686, 0.745, 0.706, 0.588, 0.692, 0.824, 0.765, 0.765, 0.725, 0.692, 0.706, 0.725, 0.686, 0.765, 0.654, 0.725, 0.804, 0.765, 0.627, 0.692, 0.686, 0.686, 0.765, 0.706], ['RF', 0.808, 0.784, 0.765, 0.725, 0.686, 0.731, 0.686, 0.784, 0.745, 0.706, 0.692, 0.784, 0.686, 0.686, 0.804, 0.731, 0.804, 0.745, 0.784, 0.647, 0.846, 0.745, 0.686, 0.686, 0.824], ['LR', 0.75, 0.784, 0.569, 0.784, 0.686, 0.712, 0.804, 0.765, 0.745, 0.765, 0.731, 0.725, 0.725, 0.627, 0.765, 0.692, 0.784, 0.765, 0.725, 0.588, 0.712, 0.725, 0.686, 0.745, 0.765], ['DT', 0.692, 0.745, 0.745, 0.706, 0.706, 0.654, 0.706, 0.745, 0.725, 0.725, 0.673, 0.667, 0.725, 0.686, 0.686, 0.615, 0.706, 0.784, 0.725, 0.588, 0.75, 0.686, 0.647, 0.667, 0.706]]}}

------------------------------------------------------------
Sender: LSF System <lsfadmin@n2c3-5>
Subject: Job 639712: </share2/aagrawa8/miniconda2/bin/python2.7 run.py _test synapse.csv> Done

Job </share2/aagrawa8/miniconda2/bin/python2.7 run.py _test synapse.csv> was submitted from host <login01.hpc.ncsu.edu> by user <aagrawa8> in cluster <henry2>.
Job was executed on host(s) <2*n2c3-5>, in queue <single_chassis>, as user <aagrawa8> in cluster <henry2>.
                            <2*n2c3-10>
                            <2*n2c3-3>
                            <2*n2c3-13>
</home/aagrawa8> was used as the home directory.
</home/aagrawa8/fss16591/project/code> was used as the working directory.
Started at Mon Nov 21 14:20:23 2016
Results reported at Mon Nov 21 14:23:29 2016

Your job looked like:

------------------------------------------------------------
# LSBATCH: User input
/share2/aagrawa8/miniconda2/bin/python2.7 run.py _test synapse.csv
------------------------------------------------------------

Successfully completed.

Resource usage summary:

    CPU time   :    177.22 sec.
    Max Memory :        51 MB
    Max Swap   :       964 MB

    Max Processes  :         3
    Max Threads    :        15

The output (if any) is above this job summary.



PS:

Read file <./err/synapse.csv.err.639712> for stderr output of this job.

