Recall

rank ,         name ,    med   ,  iqr 
----------------------------------------------------
   1 ,          KNN ,    0.78  ,  0.05 (   ---*        |              ), 0.76,  0.78,  0.81
   2 ,          SVM ,    0.82  ,  0.04 (        ----*  |              ), 0.80,  0.82,  0.83
   2 ,           LR ,    0.82  ,  0.04 (        ----*  |              ), 0.80,  0.82,  0.83
   3 ,           NB ,    0.88  ,  0.03 (               | --*          ), 0.86,  0.88,  0.89
   4 ,           DT ,    0.89  ,  0.06 (               | ----*        ), 0.86,  0.89,  0.92
   5 ,           RF ,    0.94  ,  0.03 (               |         --*  ), 0.92,  0.94,  0.95

Precision

rank ,         name ,    med   ,  iqr 
----------------------------------------------------
   1 ,           DT ,    0.93  ,  0.02 (  ---*         |              ), 0.92,  0.93,  0.94
   1 ,           RF ,    0.94  ,  0.01 (    ---*       |              ), 0.93,  0.94,  0.94
   2 ,          KNN ,    0.95  ,  0.02 (            ---*              ), 0.95,  0.95,  0.96
   2 ,           NB ,    0.96  ,  0.02 (             --|-*            ), 0.95,  0.96,  0.97
   2 ,          SVM ,    0.96  ,  0.02 (               |--*           ), 0.95,  0.96,  0.97
   2 ,           LR ,    0.96  ,  0.01 (               |---*          ), 0.95,  0.96,  0.97

F_score

rank ,         name ,    med   ,  iqr 
----------------------------------------------------
   1 ,          KNN ,    0.85  ,  0.03 (     --*       |              ), 0.84,  0.85,  0.88
   2 ,          SVM ,    0.89  ,  0.03 (          ----*|              ), 0.87,  0.89,  0.90
   2 ,           LR ,    0.89  ,  0.03 (            --*|              ), 0.87,  0.89,  0.90
   3 ,           DT ,    0.91  ,  0.03 (               | --*          ), 0.90,  0.91,  0.93
   3 ,           NB ,    0.91  ,  0.02 (               |  --*         ), 0.90,  0.91,  0.92
   4 ,           RF ,    0.93  ,  0.01 (               |        -*    ), 0.93,  0.93,  0.94

Accuracy

rank ,         name ,    med   ,  iqr 
----------------------------------------------------
   1 ,          KNN ,    0.76  ,  0.05 (    ---*       |              ), 0.74,  0.76,  0.80
   2 ,          SVM ,    0.81  ,  0.05 (          ----*|              ), 0.78,  0.81,  0.82
   2 ,           LR ,    0.81  ,  0.04 (           ---*|              ), 0.79,  0.81,  0.83
   3 ,           DT ,    0.84  ,  0.05 (               |--*           ), 0.82,  0.84,  0.87
   3 ,           NB ,    0.84  ,  0.03 (               | --*          ), 0.83,  0.84,  0.86
   4 ,           RF ,    0.88  ,  0.02 (               |       -*     ), 0.87,  0.88,  0.90

{'tomcat': {'Recall': [['KNN', 0.854, 0.731, 0.795, 0.782, 0.744, 0.828, 0.788, 0.776, 0.808, 0.769, 0.854, 0.776, 0.756, 0.756, 0.75, 0.732, 0.731, 0.795, 0.821, 0.846, 0.847, 0.782, 0.769, 0.801, 0.763], ['SVM', 0.873, 0.782, 0.795, 0.878, 0.788, 0.828, 0.795, 0.821, 0.814, 0.795, 0.854, 0.782, 0.776, 0.782, 0.821, 0.809, 0.814, 0.833, 0.833, 0.808, 0.892, 0.833, 0.846, 0.827, 0.821], ['NB', 0.879, 0.885, 0.865, 0.878, 0.897, 0.854, 0.878, 0.859, 0.885, 0.853, 0.854, 0.897, 0.865, 0.846, 0.891, 0.822, 0.891, 0.859, 0.865, 0.923, 0.892, 0.878, 0.859, 0.885, 0.833], ['RF', 0.917, 0.917, 0.949, 0.923, 0.949, 0.949, 0.929, 0.929, 0.936, 0.929, 0.949, 0.929, 0.91, 0.942, 0.936, 0.885, 0.955, 0.936, 0.936, 0.949, 0.949, 0.885, 0.923, 0.942, 0.929], ['LR', 0.866, 0.763, 0.795, 0.878, 0.821, 0.822, 0.814, 0.846, 0.821, 0.814, 0.854, 0.788, 0.769, 0.795, 0.795, 0.822, 0.827, 0.846, 0.827, 0.814, 0.904, 0.821, 0.833, 0.827, 0.795], ['DT', 0.892, 0.859, 0.923, 0.853, 0.859, 0.873, 0.859, 0.929, 0.859, 0.923, 0.943, 0.859, 0.897, 0.865, 0.936, 0.885, 0.917, 0.885, 0.929, 0.923, 0.943, 0.865, 0.936, 0.923, 0.853]], 'Precision': [['KNN', 0.957, 0.958, 0.947, 0.953, 0.951, 0.942, 0.932, 0.953, 0.962, 0.952, 0.944, 0.953, 0.952, 0.975, 0.967, 0.966, 0.934, 0.961, 0.962, 0.95, 0.957, 0.968, 0.938, 0.962, 0.944], ['SVM', 0.958, 0.961, 0.954, 0.972, 0.953, 0.97, 0.954, 0.962, 0.969, 0.954, 0.957, 0.961, 0.953, 0.961, 0.977, 0.977, 0.962, 0.977, 0.942, 0.977, 0.966, 0.949, 0.978, 0.977, 0.948], ['NB', 0.945, 0.986, 0.944, 0.958, 0.959, 0.95, 0.945, 0.957, 0.952, 0.971, 0.937, 0.966, 0.957, 0.964, 0.972, 0.97, 0.939, 0.971, 0.931, 0.954, 0.966, 0.951, 0.95, 0.958, 0.949], ['RF', 0.929, 0.941, 0.925, 0.935, 0.937, 0.949, 0.918, 0.929, 0.948, 0.935, 0.925, 0.935, 0.953, 0.942, 0.942, 0.939, 0.931, 0.93, 0.924, 0.937, 0.949, 0.926, 0.941, 0.948, 0.929], ['LR', 0.951, 0.96, 0.947, 0.972, 0.955, 0.97, 0.955, 0.971, 0.962, 0.955, 0.95, 0.969, 0.952, 0.961, 0.969, 0.963, 0.963, 0.964, 0.949, 0.969, 0.966, 0.962, 0.977, 0.963, 0.925], ['DT', 0.921, 0.95, 0.923, 0.937, 0.931, 0.945, 0.918, 0.942, 0.931, 0.947, 0.919, 0.924, 0.933, 0.951, 0.936, 0.933, 0.929, 0.92, 0.929, 0.935, 0.961, 0.931, 0.924, 0.941, 0.924]], 'F_score': [['KNN', 0.902, 0.829, 0.864, 0.859, 0.835, 0.881, 0.854, 0.855, 0.878, 0.851, 0.896, 0.855, 0.843, 0.852, 0.845, 0.833, 0.82, 0.87, 0.886, 0.895, 0.899, 0.865, 0.845, 0.874, 0.844], ['SVM', 0.913, 0.862, 0.867, 0.923, 0.863, 0.893, 0.867, 0.886, 0.885, 0.867, 0.902, 0.862, 0.855, 0.862, 0.892, 0.885, 0.882, 0.9, 0.884, 0.884, 0.927, 0.887, 0.907, 0.896, 0.88], ['NB', 0.911, 0.932, 0.903, 0.916, 0.927, 0.899, 0.91, 0.905, 0.917, 0.908, 0.893, 0.93, 0.909, 0.901, 0.93, 0.89, 0.914, 0.912, 0.897, 0.938, 0.927, 0.913, 0.902, 0.92, 0.887], ['RF', 0.923, 0.929, 0.937, 0.929, 0.943, 0.949, 0.924, 0.929, 0.942, 0.932, 0.937, 0.932, 0.931, 0.942, 0.939, 0.911, 0.943, 0.933, 0.93, 0.943, 0.949, 0.905, 0.932, 0.945, 0.929], ['LR', 0.907, 0.85, 0.864, 0.923, 0.883, 0.89, 0.879, 0.904, 0.886, 0.879, 0.899, 0.869, 0.851, 0.87, 0.873, 0.887, 0.89, 0.901, 0.884, 0.885, 0.934, 0.886, 0.9, 0.89, 0.855], ['DT', 0.906, 0.902, 0.923, 0.893, 0.893, 0.907, 0.887, 0.935, 0.893, 0.935, 0.931, 0.89, 0.915, 0.906, 0.936, 0.908, 0.923, 0.902, 0.929, 0.929, 0.952, 0.897, 0.93, 0.932, 0.887]], 'Accuracy': [['KNN', 0.832, 0.727, 0.772, 0.766, 0.731, 0.798, 0.756, 0.76, 0.795, 0.754, 0.821, 0.762, 0.743, 0.76, 0.749, 0.734, 0.709, 0.784, 0.807, 0.819, 0.827, 0.779, 0.743, 0.789, 0.743], ['SVM', 0.85, 0.773, 0.778, 0.865, 0.772, 0.821, 0.779, 0.807, 0.807, 0.778, 0.832, 0.773, 0.76, 0.772, 0.819, 0.809, 0.802, 0.83, 0.801, 0.807, 0.873, 0.808, 0.842, 0.825, 0.795], ['NB', 0.844, 0.884, 0.83, 0.854, 0.871, 0.827, 0.843, 0.836, 0.854, 0.842, 0.815, 0.878, 0.842, 0.83, 0.877, 0.815, 0.849, 0.848, 0.819, 0.889, 0.873, 0.849, 0.83, 0.86, 0.807], ['RF', 0.861, 0.872, 0.883, 0.871, 0.895, 0.908, 0.86, 0.871, 0.895, 0.877, 0.884, 0.878, 0.877, 0.895, 0.889, 0.844, 0.895, 0.877, 0.871, 0.895, 0.908, 0.831, 0.877, 0.901, 0.871], ['LR', 0.838, 0.756, 0.772, 0.865, 0.801, 0.815, 0.797, 0.836, 0.807, 0.795, 0.827, 0.785, 0.754, 0.784, 0.789, 0.809, 0.814, 0.83, 0.801, 0.807, 0.884, 0.808, 0.83, 0.813, 0.754], ['DT', 0.832, 0.831, 0.86, 0.813, 0.813, 0.838, 0.802, 0.883, 0.813, 0.883, 0.873, 0.808, 0.848, 0.836, 0.883, 0.838, 0.86, 0.825, 0.871, 0.871, 0.913, 0.82, 0.871, 0.877, 0.801]]}}

------------------------------------------------------------
Sender: LSF System <lsfadmin@n2c1-2>
Subject: Job 639713: </share2/aagrawa8/miniconda2/bin/python2.7 run.py _test tomcat.csv> Done

Job </share2/aagrawa8/miniconda2/bin/python2.7 run.py _test tomcat.csv> was submitted from host <login01.hpc.ncsu.edu> by user <aagrawa8> in cluster <henry2>.
Job was executed on host(s) <6*n2c1-2>, in queue <single_chassis>, as user <aagrawa8> in cluster <henry2>.
                            <2*n2c1-9>
</home/aagrawa8> was used as the home directory.
</home/aagrawa8/fss16591/project/code> was used as the working directory.
Started at Mon Nov 21 14:20:23 2016
Results reported at Mon Nov 21 16:50:41 2016

Your job looked like:

------------------------------------------------------------
# LSBATCH: User input
/share2/aagrawa8/miniconda2/bin/python2.7 run.py _test tomcat.csv
------------------------------------------------------------

Successfully completed.

Resource usage summary:

    CPU time   :   9022.34 sec.
    Max Memory :        51 MB
    Max Swap   :       966 MB

    Max Processes  :         3
    Max Threads    :        15

The output (if any) is above this job summary.



PS:

Read file <./err/tomcat.csv.err.639713> for stderr output of this job.

