Recall

rank ,         name ,    med   ,  iqr 
----------------------------------------------------
   1 ,          KNN ,    0.50  ,  0.50 (              *|              ), 0.50,  0.50,  1.00
   1 ,           RF ,    0.50  ,  0.50 (              *|              ), 0.50,  0.50,  1.00
   1 ,           LR ,    0.50  ,  0.50 (              *|              ), 0.50,  0.50,  1.00
   1 ,           DT ,    0.50  ,  0.50 (              *|              ), 0.50,  0.50,  1.00
   1 ,          SVM ,    0.67  ,  0.50 (              -|----*         ), 0.50,  0.67,  1.00
   1 ,           NB ,    0.67  ,  0.50 (              -|----*         ), 0.50,  0.67,  1.00

Precision

rank ,         name ,    med   ,  iqr 
----------------------------------------------------
   1 ,          KNN ,    0.05  ,  0.03 ( *             |              ), 0.04,  0.05,  0.07
   2 ,           NB ,    0.09  ,  0.04 (  *            |              ), 0.07,  0.09,  0.11
   3 ,           LR ,    0.18  ,  0.11 (   --*         |              ), 0.11,  0.18,  0.22
   3 ,          SVM ,    0.20  ,  0.10 (   --*         |              ), 0.12,  0.20,  0.22
   4 ,           DT ,    0.50  ,  0.75 (       -------*|              ), 0.25,  0.50,  1.00
   4 ,           RF ,    1.00  ,  0.57 (            ---|-------------*), 0.43,  1.00,  1.00

F_score

rank ,         name ,    med   ,  iqr 
----------------------------------------------------
   1 ,          KNN ,    0.09  ,  0.05 (  *            |              ), 0.08,  0.09,  0.13
   2 ,           NB ,    0.16  ,  0.08 (   -*          |              ), 0.12,  0.16,  0.20
   3 ,          SVM ,    0.29  ,  0.13 (     ---*      |              ), 0.20,  0.29,  0.33
   3 ,           LR ,    0.29  ,  0.15 (     ---*      |              ), 0.18,  0.29,  0.33
   4 ,           RF ,    0.67  ,  0.30 (              -|----*         ), 0.50,  0.67,  0.80
   4 ,           DT ,    0.67  ,  0.33 (         ------|----*         ), 0.33,  0.67,  0.67

Accuracy

rank ,         name ,    med   ,  iqr 
----------------------------------------------------
   1 ,          KNN ,    0.85  ,  0.09 (               |       --*    ), 0.79,  0.85,  0.88
   1 ,           NB ,    0.90  ,  0.06 (               |         --*  ), 0.86,  0.90,  0.92
   1 ,           LR ,    0.95  ,  0.02 (               |            * ), 0.94,  0.95,  0.96
   1 ,          SVM ,    0.96  ,  0.03 (               |            * ), 0.94,  0.96,  0.97
   1 ,           DT ,    0.99  ,  0.02 (               |             *), 0.98,  0.99,  0.99
   1 ,           RF ,    0.99  ,  0.02 (               |             *), 0.98,  0.99,  0.99

{'xalan': {'Recall': [['KNN', 1.0, 0.0, 0.5, 0.5, 1.0, 0.667, 1.0, 0.0, 1.0, 0.5, 0.667, 0.0, 0.0, 1.0, 1.0, 1.0, 0.5, 0.5, 0.5, 0.5, 1.0, 0.5, 0.0, 1.0, 0.5], ['SVM', 1.0, 0.5, 0.5, 0.5, 1.0, 0.667, 1.0, 0.0, 1.0, 1.0, 0.667, 0.0, 0.5, 1.0, 1.0, 1.0, 0.5, 0.5, 1.0, 0.5, 1.0, 0.5, 0.0, 1.0, 0.5], ['NB', 1.0, 0.0, 0.5, 0.5, 1.0, 0.667, 1.0, 0.0, 1.0, 0.5, 0.667, 0.5, 0.0, 1.0, 1.0, 1.0, 0.5, 1.0, 0.5, 0.5, 1.0, 1.0, 0.0, 1.0, 0.5], ['RF', 1.0, 0.0, 0.5, 0.5, 0.5, 0.667, 1.0, 0.0, 1.0, 0.0, 0.667, 0.0, 0.5, 1.0, 1.0, 1.0, 0.5, 0.5, 0.5, 0.0, 0.667, 0.5, 0.0, 1.0, 0.5], ['LR', 1.0, 0.5, 0.5, 0.5, 1.0, 0.667, 1.0, 0.0, 1.0, 0.5, 0.667, 0.0, 0.5, 1.0, 1.0, 1.0, 0.5, 0.5, 1.0, 0.5, 1.0, 0.5, 0.0, 1.0, 0.5], ['DT', 1.0, 0.0, 0.5, 0.5, 0.5, 0.667, 1.0, 0.0, 1.0, 0.0, 0.667, 0.5, 0.0, 1.0, 1.0, 1.0, 0.5, 0.5, 0.5, 0.0, 0.667, 0.5, 0.0, 1.0, 0.5]], 'Precision': [['KNN', 0.071, 0.0, 0.05, 0.05, 0.087, 0.063, 0.065, 0.0, 0.069, 0.045, 0.105, 0.0, 0.0, 0.053, 0.08, 0.073, 0.05, 0.048, 0.053, 0.043, 0.097, 0.043, 0.0, 0.054, 0.031], ['SVM', 0.214, 0.167, 0.25, 0.077, 0.25, 0.2, 0.2, 0.0, 0.2, 0.25, 0.222, 0.0, 0.125, 0.167, 0.125, 0.3, 0.167, 0.25, 0.2, 0.059, 0.25, 0.2, 0.0, 0.167, 0.111], ['NB', 0.107, 0.0, 0.1, 0.056, 0.118, 0.133, 0.091, 0.0, 0.074, 0.071, 0.118, 0.083, 0.0, 0.087, 0.091, 0.12, 0.1, 0.133, 0.059, 0.077, 0.143, 0.111, 0.0, 0.074, 0.091], ['RF', 0.6, 0.0, 1.0, 1.0, 1.0, 1.0, 1.0, 0.0, 1.0, 0.0, 0.667, 0.0, 1.0, 1.0, 1.0, 0.429, 0.5, 0.5, 1.0, 0.0, 1.0, 1.0, 0.0, 1.0, 1.0], ['LR', 0.231, 0.25, 0.2, 0.077, 0.222, 0.222, 0.167, 0.0, 0.182, 0.111, 0.222, 0.0, 0.2, 0.222, 0.133, 0.25, 0.167, 0.25, 0.182, 0.053, 0.25, 0.333, 0.0, 0.154, 0.111], ['DT', 0.5, 0.0, 1.0, 0.25, 0.5, 0.667, 1.0, 0.0, 1.0, 0.0, 0.667, 0.5, 0.0, 1.0, 1.0, 0.5, 0.5, 1.0, 1.0, 0.0, 0.667, 0.333, 0.0, 0.5, 0.333]], 'F_score': [['KNN', 0.133, 0.0, 0.091, 0.091, 0.16, 0.114, 0.121, 0.0, 0.129, 0.083, 0.182, 0.0, 0.0, 0.1, 0.148, 0.136, 0.091, 0.087, 0.095, 0.08, 0.176, 0.08, 0.0, 0.103, 0.059], ['SVM', 0.353, 0.25, 0.333, 0.133, 0.4, 0.308, 0.333, 0.0, 0.333, 0.4, 0.333, 0.0, 0.2, 0.286, 0.222, 0.462, 0.25, 0.333, 0.333, 0.105, 0.4, 0.286, 0.0, 0.286, 0.182], ['NB', 0.194, 0.0, 0.167, 0.1, 0.211, 0.222, 0.167, 0.0, 0.138, 0.125, 0.2, 0.143, 0.0, 0.16, 0.167, 0.214, 0.167, 0.235, 0.105, 0.133, 0.25, 0.2, 0.0, 0.138, 0.154], ['RF', 0.75, 0.0, 0.667, 0.667, 0.667, 0.8, 1.0, 0.0, 1.0, 0.0, 0.667, 0.0, 0.667, 1.0, 1.0, 0.6, 0.5, 0.5, 0.667, 0.0, 0.8, 0.667, 0.0, 1.0, 0.667], ['LR', 0.375, 0.333, 0.286, 0.133, 0.364, 0.333, 0.286, 0.0, 0.308, 0.182, 0.333, 0.0, 0.286, 0.364, 0.235, 0.4, 0.25, 0.333, 0.308, 0.095, 0.4, 0.4, 0.0, 0.267, 0.182], ['DT', 0.667, 0.0, 0.667, 0.333, 0.5, 0.667, 1.0, 0.0, 1.0, 0.0, 0.667, 0.5, 0.0, 1.0, 1.0, 0.667, 0.5, 0.667, 0.667, 0.0, 0.667, 0.4, 0.0, 0.667, 0.4]], 'Accuracy': [['KNN', 0.787, 0.0, 0.89, 0.89, 0.884, 0.831, 0.841, 0.0, 0.851, 0.878, 0.902, 0.0, 0.0, 0.801, 0.873, 0.792, 0.89, 0.885, 0.895, 0.873, 0.847, 0.874, 0.0, 0.807, 0.823], ['SVM', 0.94, 0.967, 0.978, 0.928, 0.967, 0.951, 0.956, 0.0, 0.956, 0.967, 0.956, 0.0, 0.956, 0.945, 0.923, 0.962, 0.967, 0.978, 0.956, 0.906, 0.951, 0.973, 0.0, 0.945, 0.95], ['NB', 0.863, 0.0, 0.945, 0.901, 0.917, 0.923, 0.89, 0.0, 0.862, 0.923, 0.913, 0.934, 0.0, 0.884, 0.89, 0.88, 0.945, 0.929, 0.906, 0.928, 0.902, 0.912, 0.0, 0.862, 0.939], ['RF', 0.989, 0.0, 0.995, 0.994, 0.994, 0.995, 1.0, 0.0, 1.0, 0.0, 0.989, 0.0, 0.995, 1.0, 1.0, 0.978, 0.989, 0.989, 0.994, 0.0, 0.995, 0.995, 0.0, 1.0, 0.994], ['LR', 0.945, 0.978, 0.973, 0.928, 0.961, 0.956, 0.945, 0.0, 0.95, 0.95, 0.956, 0.0, 0.973, 0.961, 0.928, 0.951, 0.967, 0.978, 0.95, 0.895, 0.951, 0.984, 0.0, 0.939, 0.95], ['DT', 0.984, 0.0, 0.995, 0.978, 0.989, 0.989, 1.0, 0.0, 1.0, 0.0, 0.989, 0.989, 0.0, 1.0, 1.0, 0.984, 0.989, 0.995, 0.994, 0.0, 0.989, 0.984, 0.0, 0.989, 0.983]]}}

------------------------------------------------------------
Sender: LSF System <lsfadmin@n2c1-4>
Subject: Job 639715: </share2/aagrawa8/miniconda2/bin/python2.7 run.py _test xalan.csv> Done

Job </share2/aagrawa8/miniconda2/bin/python2.7 run.py _test xalan.csv> was submitted from host <login01.hpc.ncsu.edu> by user <aagrawa8> in cluster <henry2>.
Job was executed on host(s) <4*n2c1-4>, in queue <single_chassis>, as user <aagrawa8> in cluster <henry2>.
                            <2*n2c1-13>
                            <2*n2c1-5>
</home/aagrawa8> was used as the home directory.
</home/aagrawa8/fss16591/project/code> was used as the working directory.
Started at Mon Nov 21 14:20:23 2016
Results reported at Mon Nov 21 14:20:46 2016

Your job looked like:

------------------------------------------------------------
# LSBATCH: User input
/share2/aagrawa8/miniconda2/bin/python2.7 run.py _test xalan.csv
------------------------------------------------------------

Successfully completed.

Resource usage summary:

    CPU time   :     16.85 sec.
    Max Memory :         2 MB
    Max Swap   :        35 MB

    Max Processes  :         1
    Max Threads    :         1

The output (if any) is above this job summary.



PS:

Read file <./err/xalan.csv.err.639715> for stderr output of this job.

