Recall

rank ,         name ,    med   ,  iqr 
----------------------------------------------------
   1 ,          KNN ,    0.77  ,  0.10 (     -----*    |              ), 0.70,  0.77,  0.80
   1 ,           DT ,    0.77  ,  0.13 (     -----*    |              ), 0.70,  0.77,  0.83
   2 ,           RF ,    0.80  ,  0.07 (             * |              ), 0.80,  0.80,  0.87
   2 ,           NB ,    0.84  ,  0.10 (             --|*             ), 0.80,  0.84,  0.90
   2 ,          SVM ,    0.87  ,  0.09 (              -|---*          ), 0.81,  0.87,  0.90
   2 ,           LR ,    0.90  ,  0.10 (             --|-----*        ), 0.80,  0.90,  0.90

Precision

rank ,         name ,    med   ,  iqr 
----------------------------------------------------
   1 ,           NB ,    0.44  ,  0.05 (  -*           |              ), 0.42,  0.44,  0.46
   2 ,          KNN ,    0.54  ,  0.09 (     ---*      |              ), 0.49,  0.54,  0.57
   3 ,           LR ,    0.62  ,  0.05 (           -*  |              ), 0.60,  0.62,  0.65
   4 ,          SVM ,    0.67  ,  0.09 (            --*|              ), 0.62,  0.67,  0.71
   5 ,           DT ,    0.82  ,  0.10 (               |   --*        ), 0.78,  0.82,  0.88
   5 ,           RF ,    0.87  ,  0.08 (               |    ---*      ), 0.81,  0.87,  0.89

F_score

rank ,         name ,    med   ,  iqr 
----------------------------------------------------
   1 ,           NB ,    0.59  ,  0.05 (   ---*        |              ), 0.56,  0.59,  0.61
   2 ,          KNN ,    0.62  ,  0.08 (     ---*      |              ), 0.57,  0.62,  0.66
   3 ,           LR ,    0.72  ,  0.06 (             --*              ), 0.69,  0.72,  0.75
   3 ,          SVM ,    0.74  ,  0.06 (               |*             ), 0.71,  0.74,  0.77
   4 ,           DT ,    0.79  ,  0.09 (               | ---*         ), 0.75,  0.79,  0.84
   5 ,           RF ,    0.84  ,  0.06 (               |     ---*     ), 0.81,  0.84,  0.87

Accuracy

rank ,         name ,    med   ,  iqr 
----------------------------------------------------
   1 ,           NB ,    0.68  ,  0.05 (      --*      |              ), 0.66,  0.68,  0.71
   2 ,          KNN ,    0.77  ,  0.06 (            --*|              ), 0.73,  0.77,  0.80
   3 ,           LR ,    0.83  ,  0.03 (               |  -*          ), 0.81,  0.83,  0.85
   3 ,          SVM ,    0.85  ,  0.04 (               |   --*        ), 0.83,  0.85,  0.87
   4 ,           DT ,    0.90  ,  0.03 (               |       --*    ), 0.88,  0.90,  0.92
   5 ,           RF ,    0.92  ,  0.03 (               |         --*  ), 0.90,  0.92,  0.93

{'xerces': {'Recall': [['KNN', 0.774, 0.767, 0.667, 0.7, 0.867, 0.839, 0.767, 0.767, 0.8, 0.633, 0.71, 0.633, 0.833, 0.767, 0.8, 0.645, 0.8, 0.7, 0.7, 0.833, 0.774, 0.667, 0.933, 0.7, 0.767], ['SVM', 0.903, 0.767, 0.867, 0.833, 0.8, 0.903, 0.833, 0.9, 0.933, 0.767, 0.806, 0.8, 0.833, 0.867, 0.9, 0.742, 0.9, 0.867, 0.9, 0.933, 0.806, 0.7, 0.967, 0.833, 0.867], ['NB', 0.839, 0.933, 0.9, 0.8, 0.867, 0.903, 0.8, 0.9, 0.9, 0.8, 0.839, 0.833, 0.833, 0.833, 1.0, 0.71, 0.9, 0.8, 0.8, 0.967, 0.839, 0.767, 0.9, 0.867, 0.9], ['RF', 0.871, 0.8, 0.867, 0.8, 0.8, 0.871, 0.867, 0.9, 0.867, 0.733, 0.806, 0.8, 0.8, 0.767, 0.867, 0.742, 0.867, 0.767, 0.833, 0.8, 0.774, 0.7, 0.933, 0.8, 0.933], ['LR', 0.903, 0.867, 0.867, 0.833, 0.8, 0.935, 0.9, 0.9, 0.933, 0.733, 0.871, 0.8, 0.8, 0.9, 0.9, 0.774, 0.9, 0.9, 0.867, 0.967, 0.742, 0.7, 0.967, 0.9, 0.9], ['DT', 0.806, 0.633, 0.767, 0.767, 0.8, 0.903, 0.8, 0.867, 0.867, 0.7, 0.774, 0.733, 0.767, 0.733, 0.867, 0.645, 0.833, 0.7, 0.833, 0.7, 0.677, 0.633, 0.933, 0.7, 0.867]], 'Precision': [['KNN', 0.522, 0.5, 0.465, 0.583, 0.743, 0.578, 0.575, 0.489, 0.48, 0.475, 0.468, 0.452, 0.439, 0.575, 0.585, 0.541, 0.533, 0.553, 0.538, 0.568, 0.545, 0.488, 0.56, 0.488, 0.605], ['SVM', 0.651, 0.676, 0.667, 0.714, 0.8, 0.7, 0.781, 0.73, 0.609, 0.697, 0.641, 0.686, 0.532, 0.531, 0.675, 0.793, 0.711, 0.605, 0.574, 0.651, 0.641, 0.75, 0.63, 0.625, 0.605], ['NB', 0.388, 0.452, 0.458, 0.48, 0.456, 0.549, 0.429, 0.443, 0.403, 0.511, 0.464, 0.51, 0.362, 0.403, 0.469, 0.415, 0.45, 0.429, 0.429, 0.426, 0.419, 0.442, 0.443, 0.394, 0.482], ['RF', 0.75, 0.923, 0.897, 0.857, 0.889, 0.844, 0.867, 0.871, 0.929, 0.786, 0.806, 0.923, 0.889, 0.821, 0.765, 0.885, 0.788, 0.697, 0.833, 0.889, 0.8, 0.875, 0.824, 0.96, 0.903], ['LR', 0.571, 0.619, 0.619, 0.658, 0.75, 0.674, 0.675, 0.551, 0.622, 0.611, 0.643, 0.6, 0.545, 0.563, 0.587, 0.649, 0.659, 0.6, 0.565, 0.617, 0.605, 0.724, 0.63, 0.628, 0.6], ['DT', 0.676, 0.905, 0.821, 0.852, 0.923, 0.903, 0.75, 0.813, 0.867, 0.808, 0.828, 0.917, 0.821, 0.815, 0.765, 0.741, 0.862, 0.875, 0.714, 1.0, 0.808, 0.905, 0.778, 0.7, 0.867]], 'F_score': [['KNN', 0.623, 0.605, 0.548, 0.636, 0.8, 0.684, 0.657, 0.597, 0.6, 0.543, 0.564, 0.528, 0.575, 0.657, 0.676, 0.588, 0.64, 0.618, 0.609, 0.676, 0.64, 0.563, 0.7, 0.575, 0.676], ['SVM', 0.757, 0.719, 0.754, 0.769, 0.8, 0.789, 0.806, 0.806, 0.737, 0.73, 0.714, 0.738, 0.649, 0.658, 0.771, 0.767, 0.794, 0.712, 0.701, 0.767, 0.714, 0.724, 0.763, 0.714, 0.712], ['NB', 0.531, 0.609, 0.607, 0.6, 0.598, 0.683, 0.558, 0.593, 0.557, 0.623, 0.598, 0.633, 0.505, 0.543, 0.638, 0.524, 0.6, 0.558, 0.558, 0.592, 0.559, 0.561, 0.593, 0.542, 0.628], ['RF', 0.806, 0.857, 0.881, 0.828, 0.842, 0.857, 0.867, 0.885, 0.897, 0.759, 0.806, 0.857, 0.842, 0.793, 0.813, 0.807, 0.825, 0.73, 0.833, 0.842, 0.787, 0.778, 0.875, 0.873, 0.918], ['LR', 0.7, 0.722, 0.722, 0.735, 0.774, 0.784, 0.771, 0.684, 0.747, 0.667, 0.74, 0.686, 0.649, 0.692, 0.711, 0.706, 0.761, 0.72, 0.684, 0.753, 0.667, 0.712, 0.763, 0.74, 0.72], ['DT', 0.735, 0.745, 0.793, 0.807, 0.857, 0.903, 0.774, 0.839, 0.867, 0.75, 0.8, 0.815, 0.793, 0.772, 0.813, 0.69, 0.847, 0.778, 0.769, 0.824, 0.737, 0.745, 0.848, 0.7, 0.867]], 'Accuracy': [['KNN', 0.756, 0.746, 0.718, 0.795, 0.889, 0.798, 0.797, 0.735, 0.726, 0.726, 0.714, 0.712, 0.684, 0.795, 0.803, 0.765, 0.771, 0.778, 0.769, 0.795, 0.773, 0.737, 0.795, 0.735, 0.812], ['SVM', 0.849, 0.847, 0.855, 0.872, 0.897, 0.874, 0.898, 0.889, 0.829, 0.855, 0.832, 0.856, 0.769, 0.769, 0.863, 0.882, 0.881, 0.821, 0.803, 0.855, 0.832, 0.864, 0.846, 0.829, 0.821], ['NB', 0.613, 0.695, 0.701, 0.726, 0.701, 0.782, 0.678, 0.684, 0.632, 0.752, 0.706, 0.754, 0.581, 0.641, 0.709, 0.664, 0.695, 0.675, 0.675, 0.658, 0.655, 0.695, 0.684, 0.624, 0.726], ['RF', 0.891, 0.932, 0.94, 0.915, 0.923, 0.924, 0.932, 0.94, 0.949, 0.88, 0.899, 0.932, 0.923, 0.897, 0.897, 0.908, 0.907, 0.855, 0.915, 0.923, 0.891, 0.898, 0.932, 0.94, 0.957], ['LR', 0.798, 0.831, 0.829, 0.846, 0.88, 0.866, 0.864, 0.786, 0.838, 0.812, 0.84, 0.814, 0.778, 0.795, 0.812, 0.832, 0.856, 0.821, 0.795, 0.838, 0.807, 0.856, 0.846, 0.838, 0.821], ['DT', 0.849, 0.89, 0.897, 0.906, 0.932, 0.95, 0.881, 0.915, 0.932, 0.88, 0.899, 0.915, 0.897, 0.889, 0.897, 0.849, 0.924, 0.897, 0.872, 0.923, 0.874, 0.89, 0.915, 0.846, 0.932]]}}

------------------------------------------------------------
Sender: LSF System <lsfadmin@n2j1-8>
Subject: Job 639716: </share2/aagrawa8/miniconda2/bin/python2.7 run.py _test xerces.csv> Done

Job </share2/aagrawa8/miniconda2/bin/python2.7 run.py _test xerces.csv> was submitted from host <login01.hpc.ncsu.edu> by user <aagrawa8> in cluster <henry2>.
Job was executed on host(s) <4*n2j1-8>, in queue <single_chassis>, as user <aagrawa8> in cluster <henry2>.
                            <4*n2j1-12>
</home/aagrawa8> was used as the home directory.
</home/aagrawa8/fss16591/project/code> was used as the working directory.
Started at Mon Nov 21 14:20:23 2016
Results reported at Mon Nov 21 14:24:38 2016

Your job looked like:

------------------------------------------------------------
# LSBATCH: User input
/share2/aagrawa8/miniconda2/bin/python2.7 run.py _test xerces.csv
------------------------------------------------------------

Successfully completed.

Resource usage summary:

    CPU time   :    231.93 sec.
    Max Memory :        52 MB
    Max Swap   :       964 MB

    Max Processes  :         3
    Max Threads    :        15

The output (if any) is above this job summary.



PS:

Read file <./err/xerces.csv.err.639716> for stderr output of this job.

