Recall

rank ,         name ,    med   ,  iqr 
----------------------------------------------------
   1 ,           NB ,    0.54  ,  0.15 (          ---* |              ), 0.46,  0.54,  0.61
   2 ,          KNN ,    0.76  ,  0.15 (               |   ---*       ), 0.68,  0.76,  0.83
   2 ,          SVM ,    0.78  ,  0.10 (               |    ---*      ), 0.71,  0.78,  0.81
   2 ,           LR ,    0.78  ,  0.09 (               |     --*      ), 0.74,  0.78,  0.83
   3 ,           DT ,    0.85  ,  0.10 (               |        --*   ), 0.81,  0.85,  0.90
   3 ,           RF ,    0.90  ,  0.05 (               |          -*  ), 0.88,  0.90,  0.93

Precision

rank ,         name ,    med   ,  iqr 
----------------------------------------------------
   1 ,           RF ,    0.91  ,  0.03 (          -*   |              ), 0.90,  0.91,  0.93
   1 ,           DT ,    0.91  ,  0.03 (        ----*  |              ), 0.89,  0.91,  0.93
   1 ,          KNN ,    0.92  ,  0.05 (         ----* |              ), 0.90,  0.92,  0.95
   1 ,          SVM ,    0.92  ,  0.03 (             -*|              ), 0.91,  0.92,  0.95
   1 ,           NB ,    0.92  ,  0.04 (            --*|              ), 0.91,  0.92,  0.95
   1 ,           LR ,    0.92  ,  0.03 (            --*|              ), 0.91,  0.92,  0.95

F_score

rank ,         name ,    med   ,  iqr 
----------------------------------------------------
   1 ,           NB ,    0.69  ,  0.12 (             --|-*            ), 0.61,  0.69,  0.73
   2 ,          KNN ,    0.83  ,  0.09 (               |      --*     ), 0.78,  0.83,  0.87
   2 ,          SVM ,    0.84  ,  0.07 (               |       --*    ), 0.81,  0.84,  0.87
   2 ,           LR ,    0.85  ,  0.04 (               |        -*    ), 0.83,  0.85,  0.86
   3 ,           DT ,    0.88  ,  0.06 (               |         -*   ), 0.85,  0.88,  0.91
   3 ,           RF ,    0.90  ,  0.03 (               |           *  ), 0.89,  0.90,  0.92

Accuracy

rank ,         name ,    med   ,  iqr 
----------------------------------------------------
   1 ,           NB ,    0.56  ,  0.13 (         ----* |              ), 0.48,  0.56,  0.61
   2 ,          KNN ,    0.73  ,  0.12 (               |  ---*        ), 0.67,  0.73,  0.78
   2 ,          SVM ,    0.74  ,  0.10 (               |    --*       ), 0.70,  0.74,  0.79
   2 ,           LR ,    0.75  ,  0.05 (               |     -*       ), 0.72,  0.75,  0.77
   3 ,           DT ,    0.78  ,  0.10 (               |      --*     ), 0.75,  0.78,  0.85
   3 ,           RF ,    0.81  ,  0.04 (               |         *    ), 0.80,  0.81,  0.85

{'arc': {'Recall': [['KNN', 0.762, 0.786, 0.805, 0.756, 0.488, 0.762, 0.69, 0.683, 0.854, 0.829, 0.738, 0.762, 0.854, 0.78, 0.829, 0.81, 0.714, 0.659, 0.585, 0.878, 0.619, 0.857, 0.634, 0.683, 0.829], ['SVM', 0.762, 0.857, 0.732, 0.78, 0.683, 0.786, 0.762, 0.78, 0.78, 0.683, 0.738, 0.714, 0.707, 0.878, 0.878, 0.667, 0.714, 0.756, 0.805, 0.902, 0.81, 0.81, 0.634, 0.78, 0.927], ['NB', 0.214, 0.5, 0.585, 0.659, 0.463, 0.476, 0.619, 0.439, 0.537, 0.293, 0.571, 0.476, 0.341, 0.585, 0.829, 0.548, 0.714, 0.488, 0.537, 0.61, 0.714, 0.405, 0.293, 0.61, 0.829], ['RF', 0.881, 0.905, 0.878, 0.805, 0.829, 0.929, 0.929, 0.878, 0.878, 0.951, 0.881, 0.929, 0.902, 0.951, 0.927, 0.857, 0.81, 0.756, 0.902, 0.902, 0.929, 0.905, 0.659, 0.927, 0.927], ['LR', 0.786, 0.857, 0.78, 0.756, 0.707, 0.762, 0.81, 0.805, 0.756, 0.659, 0.833, 0.738, 0.707, 0.854, 0.902, 0.738, 0.738, 0.756, 0.805, 0.878, 0.833, 0.786, 0.61, 0.756, 0.878], ['DT', 0.881, 0.952, 0.878, 0.805, 0.756, 0.81, 0.786, 0.878, 0.878, 0.78, 0.952, 0.833, 0.805, 0.902, 0.927, 0.881, 0.786, 0.805, 0.854, 0.927, 0.786, 0.833, 0.805, 0.927, 0.902]], 'Precision': [['KNN', 0.97, 0.846, 0.917, 0.969, 0.952, 0.865, 0.906, 0.933, 0.897, 0.971, 0.912, 0.914, 0.946, 0.914, 0.919, 0.895, 0.882, 0.931, 0.96, 0.878, 0.897, 0.947, 0.963, 0.875, 0.919], ['SVM', 0.914, 0.923, 0.882, 0.97, 0.966, 0.917, 0.914, 0.941, 0.914, 0.966, 0.886, 0.938, 0.935, 0.947, 0.923, 0.966, 0.909, 0.912, 0.971, 0.925, 0.895, 0.944, 0.963, 0.914, 0.905], ['NB', 0.9, 0.955, 0.923, 0.964, 0.905, 0.87, 0.929, 0.857, 0.917, 1.0, 0.889, 0.952, 0.933, 0.96, 0.919, 0.92, 0.909, 0.909, 0.957, 0.926, 0.968, 0.944, 0.923, 0.893, 0.919], ['RF', 0.902, 0.884, 0.9, 0.943, 0.919, 0.929, 0.907, 0.9, 0.9, 0.929, 0.925, 0.867, 0.925, 0.929, 0.905, 0.923, 0.895, 0.912, 0.925, 0.881, 0.907, 0.905, 0.964, 0.905, 0.927], ['LR', 0.917, 0.923, 0.889, 0.969, 0.967, 0.914, 0.895, 0.917, 0.912, 1.0, 0.897, 0.912, 0.935, 0.946, 0.925, 0.969, 0.912, 0.912, 0.971, 0.923, 0.897, 0.943, 0.962, 0.912, 0.947], ['DT', 0.949, 0.909, 0.9, 0.917, 0.912, 0.919, 0.892, 0.9, 0.878, 0.941, 0.93, 0.854, 0.917, 0.925, 0.905, 0.925, 0.892, 0.868, 0.946, 0.905, 0.868, 0.875, 0.943, 0.905, 0.925]], 'F_score': [['KNN', 0.853, 0.815, 0.857, 0.849, 0.645, 0.81, 0.784, 0.789, 0.875, 0.895, 0.816, 0.831, 0.897, 0.842, 0.872, 0.85, 0.789, 0.771, 0.727, 0.878, 0.732, 0.9, 0.765, 0.767, 0.872], ['SVM', 0.831, 0.889, 0.8, 0.865, 0.8, 0.846, 0.831, 0.853, 0.842, 0.8, 0.805, 0.811, 0.806, 0.911, 0.9, 0.789, 0.8, 0.827, 0.88, 0.914, 0.85, 0.872, 0.765, 0.842, 0.916], ['NB', 0.346, 0.656, 0.716, 0.783, 0.613, 0.615, 0.743, 0.581, 0.677, 0.453, 0.696, 0.635, 0.5, 0.727, 0.872, 0.687, 0.8, 0.635, 0.688, 0.735, 0.822, 0.567, 0.444, 0.725, 0.872], ['RF', 0.892, 0.894, 0.889, 0.868, 0.872, 0.929, 0.918, 0.889, 0.889, 0.94, 0.902, 0.897, 0.914, 0.94, 0.916, 0.889, 0.85, 0.827, 0.914, 0.892, 0.918, 0.905, 0.783, 0.916, 0.927], ['LR', 0.846, 0.889, 0.831, 0.849, 0.817, 0.831, 0.85, 0.857, 0.827, 0.794, 0.864, 0.816, 0.806, 0.897, 0.914, 0.838, 0.816, 0.827, 0.88, 0.9, 0.864, 0.857, 0.746, 0.827, 0.911], ['DT', 0.914, 0.93, 0.889, 0.857, 0.827, 0.861, 0.835, 0.889, 0.878, 0.853, 0.941, 0.843, 0.857, 0.914, 0.916, 0.902, 0.835, 0.835, 0.897, 0.916, 0.825, 0.854, 0.868, 0.916, 0.914]], 'Accuracy': [['KNN', 0.771, 0.688, 0.761, 0.761, 0.522, 0.688, 0.667, 0.674, 0.783, 0.826, 0.708, 0.729, 0.826, 0.739, 0.783, 0.75, 0.667, 0.652, 0.609, 0.783, 0.604, 0.833, 0.652, 0.63, 0.783], ['SVM', 0.729, 0.813, 0.674, 0.783, 0.696, 0.75, 0.729, 0.761, 0.739, 0.696, 0.688, 0.708, 0.696, 0.848, 0.826, 0.688, 0.688, 0.717, 0.804, 0.848, 0.75, 0.792, 0.652, 0.739, 0.848], ['NB', 0.292, 0.542, 0.587, 0.674, 0.478, 0.479, 0.625, 0.435, 0.543, 0.37, 0.563, 0.521, 0.391, 0.609, 0.783, 0.563, 0.688, 0.5, 0.565, 0.609, 0.729, 0.458, 0.348, 0.587, 0.783], ['RF', 0.813, 0.813, 0.804, 0.783, 0.783, 0.875, 0.854, 0.804, 0.804, 0.891, 0.833, 0.813, 0.848, 0.891, 0.848, 0.813, 0.75, 0.717, 0.848, 0.804, 0.854, 0.833, 0.674, 0.848, 0.87], ['LR', 0.75, 0.813, 0.717, 0.761, 0.717, 0.729, 0.75, 0.761, 0.717, 0.696, 0.771, 0.708, 0.696, 0.826, 0.848, 0.75, 0.708, 0.717, 0.804, 0.826, 0.771, 0.771, 0.63, 0.717, 0.848], ['DT', 0.854, 0.875, 0.804, 0.761, 0.717, 0.771, 0.729, 0.804, 0.783, 0.761, 0.896, 0.729, 0.761, 0.848, 0.848, 0.833, 0.729, 0.717, 0.826, 0.848, 0.708, 0.75, 0.783, 0.848, 0.848]]}}

------------------------------------------------------------
Sender: LSF System <lsfadmin@n2e1-4>
Subject: Job 639704: </share2/aagrawa8/miniconda2/bin/python2.7 run.py _test arc.csv> Done

Job </share2/aagrawa8/miniconda2/bin/python2.7 run.py _test arc.csv> was submitted from host <login01.hpc.ncsu.edu> by user <aagrawa8> in cluster <henry2>.
Job was executed on host(s) <6*n2e1-4>, in queue <single_chassis>, as user <aagrawa8> in cluster <henry2>.
                            <2*n2e1-6>
</home/aagrawa8> was used as the home directory.
</home/aagrawa8/fss16591/project/code> was used as the working directory.
Started at Mon Nov 21 14:20:14 2016
Results reported at Mon Nov 21 14:23:12 2016

Your job looked like:

------------------------------------------------------------
# LSBATCH: User input
/share2/aagrawa8/miniconda2/bin/python2.7 run.py _test arc.csv
------------------------------------------------------------

Successfully completed.

Resource usage summary:

    CPU time   :    163.71 sec.
    Max Memory :        51 MB
    Max Swap   :       828 MB

    Max Processes  :         3
    Max Threads    :        11

The output (if any) is above this job summary.



PS:

Read file <./err/arc.csv.err.639704> for stderr output of this job.

