Recall

rank ,         name ,    med   ,  iqr 
----------------------------------------------------
   1 ,          KNN ,    0.77  ,  0.07 (         --*   |              ), 0.76,  0.77,  0.82
   2 ,          SVM ,    0.82  ,  0.05 (              -*              ), 0.81,  0.82,  0.86
   2 ,           LR ,    0.84  ,  0.08 (            ---|-*            ), 0.79,  0.84,  0.87
   2 ,           DT ,    0.84  ,  0.06 (              -|-*            ), 0.81,  0.84,  0.87
   3 ,           NB ,    0.86  ,  0.05 (               | --*          ), 0.84,  0.86,  0.89
   4 ,           RF ,    0.89  ,  0.05 (               |    --*       ), 0.87,  0.89,  0.92

Precision

rank ,         name ,    med   ,  iqr 
----------------------------------------------------
   1 ,           RF ,    0.92  ,  0.02 (         --*   |              ), 0.92,  0.92,  0.93
   1 ,           NB ,    0.93  ,  0.03 (         --*   |              ), 0.92,  0.93,  0.94
   1 ,           DT ,    0.93  ,  0.03 (    -------*   |              ), 0.90,  0.93,  0.93
   2 ,           LR ,    0.94  ,  0.03 (             --*              ), 0.93,  0.94,  0.96
   2 ,          SVM ,    0.94  ,  0.03 (             --|*             ), 0.93,  0.94,  0.96
   2 ,          KNN ,    0.96  ,  0.02 (               |---*          ), 0.94,  0.96,  0.96

F_score

rank ,         name ,    med   ,  iqr 
----------------------------------------------------
   1 ,          KNN ,    0.85  ,  0.03 (            -* |              ), 0.84,  0.85,  0.87
   2 ,           DT ,    0.88  ,  0.03 (               |-*            ), 0.86,  0.88,  0.89
   2 ,          SVM ,    0.88  ,  0.04 (               |--*           ), 0.86,  0.88,  0.91
   2 ,           LR ,    0.89  ,  0.03 (               |---*          ), 0.87,  0.89,  0.90
   2 ,           NB ,    0.89  ,  0.03 (               |  --*         ), 0.88,  0.89,  0.91
   3 ,           RF ,    0.91  ,  0.03 (               |     --*      ), 0.90,  0.91,  0.93

Accuracy

rank ,         name ,    med   ,  iqr 
----------------------------------------------------
   1 ,          KNN ,    0.76  ,  0.03 (             * |              ), 0.76,  0.76,  0.79
   1 ,           DT ,    0.79  ,  0.05 (              -|*             ), 0.77,  0.79,  0.82
   2 ,          SVM ,    0.80  ,  0.06 (               |--*           ), 0.79,  0.80,  0.84
   2 ,           LR ,    0.81  ,  0.04 (               |---*          ), 0.79,  0.81,  0.83
   2 ,           NB ,    0.82  ,  0.04 (               |  --*         ), 0.80,  0.82,  0.84
   3 ,           RF ,    0.84  ,  0.04 (               |     --*      ), 0.83,  0.84,  0.87

{'ivy': {'Recall': [['KNN', 0.825, 0.857, 0.758, 0.774, 0.758, 0.825, 0.762, 0.887, 0.758, 0.661, 0.857, 0.857, 0.742, 0.71, 0.742, 0.714, 0.778, 0.839, 0.774, 0.79, 0.762, 0.794, 0.742, 0.774, 0.806], ['SVM', 0.905, 0.921, 0.774, 0.855, 0.742, 0.857, 0.81, 0.806, 0.839, 0.903, 0.841, 0.905, 0.806, 0.774, 0.855, 0.778, 0.825, 0.806, 0.806, 0.871, 0.73, 0.873, 0.823, 0.79, 0.823], ['NB', 0.873, 0.952, 0.839, 0.823, 0.79, 0.889, 0.905, 0.839, 0.919, 0.887, 0.857, 0.873, 0.758, 0.855, 0.839, 0.921, 0.825, 0.887, 0.806, 0.823, 0.841, 0.857, 0.887, 0.839, 0.919], ['RF', 0.857, 0.968, 0.871, 0.935, 0.887, 0.857, 0.889, 0.887, 0.935, 0.823, 0.937, 0.921, 0.806, 0.871, 0.903, 0.857, 0.889, 0.919, 0.919, 0.919, 0.857, 0.968, 0.903, 0.887, 0.952], ['LR', 0.889, 0.937, 0.758, 0.823, 0.726, 0.873, 0.81, 0.806, 0.855, 0.855, 0.857, 0.841, 0.79, 0.79, 0.839, 0.889, 0.873, 0.79, 0.774, 0.855, 0.714, 0.873, 0.839, 0.806, 0.871], ['DT', 0.81, 0.905, 0.919, 0.839, 0.774, 0.825, 0.841, 0.839, 0.935, 0.79, 0.921, 0.889, 0.806, 0.694, 0.855, 0.905, 0.841, 0.871, 0.855, 0.823, 0.794, 0.825, 0.806, 0.79, 0.855]], 'Precision': [['KNN', 0.929, 0.915, 0.922, 0.98, 0.959, 0.929, 0.96, 0.948, 0.959, 0.953, 0.964, 1.0, 0.979, 0.917, 0.958, 1.0, 0.942, 0.945, 0.941, 0.98, 0.96, 0.962, 0.958, 0.96, 0.943], ['SVM', 0.934, 0.951, 0.98, 0.964, 0.939, 0.931, 0.962, 0.962, 0.963, 0.933, 0.964, 0.934, 0.909, 0.923, 0.93, 0.961, 0.929, 0.962, 0.943, 0.947, 0.939, 0.965, 0.944, 0.942, 0.944], ['NB', 0.917, 0.923, 0.963, 0.944, 0.925, 0.903, 0.95, 0.963, 0.919, 0.932, 0.915, 0.948, 0.904, 0.914, 0.897, 0.921, 0.929, 0.932, 0.926, 0.944, 0.883, 0.931, 0.948, 0.929, 0.905], ['RF', 0.915, 0.924, 0.931, 0.951, 0.917, 0.931, 0.933, 0.932, 0.906, 0.895, 0.922, 0.906, 0.926, 0.9, 0.933, 0.947, 0.966, 0.919, 0.966, 0.905, 0.915, 0.924, 0.903, 0.932, 0.937], ['LR', 0.933, 0.937, 0.959, 0.962, 0.938, 0.917, 0.962, 0.962, 0.946, 0.93, 0.947, 0.964, 0.907, 0.925, 0.929, 0.966, 0.932, 0.961, 0.941, 0.946, 0.938, 0.965, 0.945, 0.943, 0.931], ['DT', 0.927, 0.95, 0.891, 0.929, 0.889, 0.912, 0.946, 0.945, 0.892, 0.925, 0.921, 0.933, 0.926, 0.878, 0.93, 0.934, 0.914, 0.885, 0.898, 0.927, 0.926, 0.897, 0.926, 0.891, 0.93]], 'F_score': [['KNN', 0.874, 0.885, 0.832, 0.865, 0.847, 0.874, 0.85, 0.917, 0.847, 0.781, 0.908, 0.923, 0.844, 0.8, 0.836, 0.833, 0.852, 0.889, 0.85, 0.875, 0.85, 0.87, 0.836, 0.857, 0.87], ['SVM', 0.919, 0.935, 0.865, 0.906, 0.829, 0.893, 0.879, 0.877, 0.897, 0.918, 0.898, 0.919, 0.855, 0.842, 0.891, 0.86, 0.874, 0.877, 0.87, 0.908, 0.821, 0.917, 0.879, 0.86, 0.879], ['NB', 0.894, 0.938, 0.897, 0.879, 0.852, 0.896, 0.927, 0.897, 0.919, 0.909, 0.885, 0.909, 0.825, 0.883, 0.867, 0.921, 0.874, 0.909, 0.862, 0.879, 0.862, 0.893, 0.917, 0.881, 0.912], ['RF', 0.885, 0.946, 0.9, 0.943, 0.902, 0.893, 0.911, 0.909, 0.921, 0.857, 0.929, 0.913, 0.862, 0.885, 0.918, 0.9, 0.926, 0.919, 0.942, 0.912, 0.885, 0.946, 0.903, 0.909, 0.944], ['LR', 0.911, 0.937, 0.847, 0.887, 0.818, 0.894, 0.879, 0.877, 0.898, 0.891, 0.9, 0.898, 0.845, 0.852, 0.881, 0.926, 0.902, 0.867, 0.85, 0.898, 0.811, 0.917, 0.889, 0.87, 0.9], ['DT', 0.864, 0.927, 0.905, 0.881, 0.828, 0.867, 0.891, 0.889, 0.913, 0.852, 0.921, 0.911, 0.862, 0.775, 0.891, 0.919, 0.876, 0.878, 0.876, 0.872, 0.855, 0.86, 0.862, 0.838, 0.891]], 'Accuracy': [['KNN', 0.789, 0.803, 0.729, 0.786, 0.757, 0.789, 0.761, 0.857, 0.757, 0.671, 0.845, 0.873, 0.757, 0.686, 0.743, 0.746, 0.761, 0.814, 0.757, 0.8, 0.761, 0.789, 0.743, 0.771, 0.786], ['SVM', 0.859, 0.887, 0.786, 0.843, 0.729, 0.817, 0.803, 0.8, 0.829, 0.857, 0.831, 0.859, 0.757, 0.743, 0.814, 0.775, 0.789, 0.8, 0.786, 0.843, 0.718, 0.859, 0.8, 0.771, 0.8], ['NB', 0.817, 0.887, 0.829, 0.8, 0.757, 0.817, 0.873, 0.829, 0.857, 0.843, 0.803, 0.845, 0.714, 0.8, 0.771, 0.859, 0.789, 0.843, 0.771, 0.8, 0.761, 0.817, 0.857, 0.8, 0.843], ['RF', 0.803, 0.901, 0.829, 0.9, 0.829, 0.817, 0.845, 0.843, 0.857, 0.757, 0.873, 0.845, 0.771, 0.8, 0.857, 0.831, 0.873, 0.857, 0.9, 0.843, 0.803, 0.901, 0.829, 0.843, 0.9], ['LR', 0.845, 0.887, 0.757, 0.814, 0.714, 0.817, 0.803, 0.8, 0.829, 0.814, 0.831, 0.831, 0.743, 0.757, 0.8, 0.873, 0.831, 0.786, 0.757, 0.829, 0.704, 0.859, 0.814, 0.786, 0.829], ['DT', 0.775, 0.873, 0.829, 0.8, 0.714, 0.775, 0.817, 0.814, 0.843, 0.757, 0.859, 0.845, 0.771, 0.643, 0.814, 0.859, 0.789, 0.786, 0.786, 0.786, 0.761, 0.761, 0.771, 0.729, 0.814]]}}

------------------------------------------------------------
Sender: LSF System <lsfadmin@n2d2-12>
Subject: Job 639706: </share2/aagrawa8/miniconda2/bin/python2.7 run.py _test ivy.csv> Done

Job </share2/aagrawa8/miniconda2/bin/python2.7 run.py _test ivy.csv> was submitted from host <login01.hpc.ncsu.edu> by user <aagrawa8> in cluster <henry2>.
Job was executed on host(s) <4*n2d2-12>, in queue <single_chassis>, as user <aagrawa8> in cluster <henry2>.
                            <4*n2d2-2>
</home/aagrawa8> was used as the home directory.
</home/aagrawa8/fss16591/project/code> was used as the working directory.
Started at Mon Nov 21 14:20:23 2016
Results reported at Mon Nov 21 14:34:22 2016

Your job looked like:

------------------------------------------------------------
# LSBATCH: User input
/share2/aagrawa8/miniconda2/bin/python2.7 run.py _test ivy.csv
------------------------------------------------------------

Successfully completed.

Resource usage summary:

    CPU time   :    833.84 sec.
    Max Memory :        49 MB
    Max Swap   :       828 MB

    Max Processes  :         3
    Max Threads    :        11

The output (if any) is above this job summary.



PS:

Read file <./err/ivy.csv.err.639706> for stderr output of this job.

