Recall

rank ,         name ,    med   ,  iqr 
----------------------------------------------------
   1 ,           NB ,    0.70  ,  0.43 (      ---------|-*            ), 0.45,  0.70,  0.88
   2 ,          KNN ,    0.78  ,  0.06 (               |   -*         ), 0.75,  0.78,  0.81
   2 ,          SVM ,    0.80  ,  0.08 (               |   --*        ), 0.75,  0.80,  0.83
   2 ,           LR ,    0.80  ,  0.06 (               |    -*        ), 0.78,  0.80,  0.84
   3 ,           DT ,    0.93  ,  0.03 (               |          -*  ), 0.92,  0.93,  0.95
   4 ,           RF ,    0.94  ,  0.03 (               |           *  ), 0.94,  0.94,  0.97

Precision

rank ,         name ,    med   ,  iqr 
----------------------------------------------------
   1 ,           NB ,    0.98  ,  0.02 (        -----* |              ), 0.97,  0.98,  0.98
   2 ,          SVM ,    0.99  ,  0.02 (             --|----*         ), 0.98,  0.99,  1.00
   2 ,          KNN ,    0.99  ,  0.00 (               |    *         ), 0.99,  0.99,  0.99
   2 ,           LR ,    0.99  ,  0.02 (             --|----*         ), 0.98,  0.99,  1.00
   2 ,           RF ,    0.99  ,  0.01 (               |------*       ), 0.98,  0.99,  0.99
   2 ,           DT ,    0.99  ,  0.01 (              -|------*       ), 0.98,  0.99,  0.99

F_score

rank ,         name ,    med   ,  iqr 
----------------------------------------------------
   1 ,           NB ,    0.81  ,  0.31 (        -------|----*         ), 0.61,  0.81,  0.93
   2 ,          KNN ,    0.87  ,  0.04 (               |      -*      ), 0.85,  0.87,  0.89
   2 ,          SVM ,    0.89  ,  0.05 (               |      --*     ), 0.86,  0.89,  0.91
   2 ,           LR ,    0.89  ,  0.04 (               |       -*     ), 0.87,  0.89,  0.91
   3 ,           DT ,    0.96  ,  0.02 (               |            * ), 0.95,  0.96,  0.97
   4 ,           RF ,    0.97  ,  0.02 (               |            -*), 0.96,  0.97,  0.98

Accuracy

rank ,         name ,    med   ,  iqr 
----------------------------------------------------
   1 ,           NB ,    0.69  ,  0.42 (      ---------|-*            ), 0.45,  0.69,  0.87
   2 ,          KNN ,    0.78  ,  0.06 (               |   --*        ), 0.74,  0.78,  0.81
   2 ,          SVM ,    0.80  ,  0.08 (               |    --*       ), 0.76,  0.80,  0.84
   2 ,           LR ,    0.81  ,  0.06 (               |     -*       ), 0.78,  0.81,  0.84
   3 ,           DT ,    0.92  ,  0.03 (               |           *  ), 0.91,  0.92,  0.94
   4 ,           RF ,    0.94  ,  0.04 (               |           -* ), 0.92,  0.94,  0.96

{'jedit': {'Recall': [['KNN', 0.753, 0.76, 0.792, 0.76, 0.771, 0.701, 0.74, 0.667, 0.854, 0.75, 0.804, 0.74, 0.802, 0.813, 0.823, 0.835, 0.698, 0.844, 0.781, 0.792, 0.814, 0.74, 0.771, 0.802, 0.823], ['SVM', 0.948, 0.865, 0.625, 0.719, 0.75, 0.814, 0.75, 0.802, 0.802, 0.76, 0.928, 0.698, 0.792, 0.75, 0.854, 0.866, 0.813, 0.771, 0.792, 0.719, 0.825, 0.833, 0.833, 0.917, 0.802], ['NB', 0.959, 0.896, 0.875, 0.302, 0.865, 0.701, 0.906, 0.656, 0.917, 0.344, 0.691, 0.677, 0.51, 0.302, 0.875, 0.866, 0.448, 0.917, 0.969, 0.365, 0.825, 0.844, 0.323, 0.354, 0.542], ['RF', 0.938, 0.927, 0.938, 0.938, 0.969, 0.918, 0.906, 0.969, 0.958, 0.958, 0.99, 0.938, 0.927, 0.979, 0.948, 0.959, 0.896, 0.969, 0.938, 0.969, 0.938, 0.938, 0.979, 0.969, 0.938], ['LR', 0.959, 0.823, 0.708, 0.688, 0.792, 0.835, 0.781, 0.802, 0.844, 0.802, 0.938, 0.76, 0.771, 0.74, 0.854, 0.876, 0.792, 0.792, 0.844, 0.781, 0.845, 0.833, 0.802, 0.875, 0.802], ['DT', 0.897, 0.927, 0.958, 0.948, 0.948, 0.959, 0.854, 0.917, 0.906, 0.979, 0.969, 0.927, 0.948, 0.927, 0.927, 0.959, 0.833, 0.938, 0.917, 0.958, 0.835, 0.885, 0.917, 0.948, 0.927]], 'Precision': [['KNN', 0.986, 0.973, 0.987, 0.986, 1.0, 0.986, 0.986, 0.985, 0.988, 1.0, 1.0, 0.986, 0.987, 0.987, 0.988, 0.976, 1.0, 0.988, 0.987, 1.0, 0.988, 1.0, 0.987, 0.987, 0.975], ['SVM', 0.968, 0.976, 1.0, 0.986, 1.0, 0.988, 0.986, 1.0, 0.987, 0.986, 0.968, 1.0, 0.987, 1.0, 0.976, 0.977, 1.0, 0.987, 1.0, 0.986, 0.976, 0.976, 1.0, 0.978, 0.975], ['NB', 0.969, 0.977, 0.988, 0.967, 0.988, 0.971, 1.0, 0.984, 0.978, 0.971, 0.957, 0.985, 1.0, 0.967, 0.977, 0.966, 0.977, 1.0, 0.979, 0.972, 0.976, 0.976, 0.969, 0.971, 0.963], ['RF', 1.0, 0.978, 0.989, 0.978, 1.0, 0.978, 0.989, 0.989, 0.989, 0.989, 0.97, 0.989, 0.989, 0.979, 0.989, 0.979, 1.0, 0.989, 0.989, 0.989, 0.989, 1.0, 0.979, 0.979, 0.978], ['LR', 0.969, 0.975, 1.0, 0.985, 1.0, 0.988, 0.987, 1.0, 0.988, 0.987, 0.968, 1.0, 0.987, 1.0, 0.976, 0.977, 1.0, 0.987, 1.0, 0.987, 0.976, 0.976, 1.0, 0.977, 0.975], ['DT', 0.989, 0.978, 0.989, 0.978, 1.0, 0.979, 0.976, 0.989, 0.989, 0.989, 0.979, 0.989, 0.978, 0.978, 0.989, 0.979, 0.988, 0.978, 1.0, 0.989, 0.988, 1.0, 0.989, 0.978, 0.989]], 'F_score': [['KNN', 0.854, 0.854, 0.879, 0.859, 0.871, 0.819, 0.845, 0.795, 0.916, 0.857, 0.891, 0.845, 0.885, 0.891, 0.898, 0.9, 0.822, 0.91, 0.872, 0.884, 0.893, 0.85, 0.865, 0.885, 0.893], ['SVM', 0.958, 0.917, 0.769, 0.831, 0.857, 0.893, 0.852, 0.89, 0.885, 0.859, 0.947, 0.822, 0.879, 0.857, 0.911, 0.918, 0.897, 0.865, 0.884, 0.831, 0.894, 0.899, 0.909, 0.946, 0.88], ['NB', 0.964, 0.935, 0.928, 0.46, 0.922, 0.814, 0.951, 0.787, 0.946, 0.508, 0.802, 0.802, 0.676, 0.46, 0.923, 0.913, 0.614, 0.957, 0.974, 0.53, 0.894, 0.905, 0.484, 0.519, 0.693], ['RF', 0.968, 0.952, 0.963, 0.957, 0.984, 0.947, 0.946, 0.979, 0.974, 0.974, 0.98, 0.963, 0.957, 0.979, 0.968, 0.969, 0.945, 0.979, 0.963, 0.979, 0.963, 0.968, 0.979, 0.974, 0.957], ['LR', 0.964, 0.893, 0.829, 0.81, 0.884, 0.905, 0.872, 0.89, 0.91, 0.885, 0.953, 0.864, 0.865, 0.85, 0.911, 0.924, 0.884, 0.879, 0.915, 0.872, 0.906, 0.899, 0.89, 0.923, 0.88], ['DT', 0.941, 0.952, 0.974, 0.963, 0.973, 0.969, 0.911, 0.951, 0.946, 0.984, 0.974, 0.957, 0.963, 0.952, 0.957, 0.969, 0.904, 0.957, 0.957, 0.974, 0.905, 0.939, 0.951, 0.963, 0.957]], 'Accuracy': [['KNN', 0.75, 0.745, 0.786, 0.755, 0.776, 0.7, 0.735, 0.663, 0.847, 0.755, 0.81, 0.735, 0.796, 0.806, 0.816, 0.82, 0.704, 0.837, 0.776, 0.796, 0.81, 0.745, 0.765, 0.796, 0.806], ['SVM', 0.92, 0.847, 0.633, 0.714, 0.755, 0.81, 0.745, 0.806, 0.796, 0.755, 0.9, 0.704, 0.786, 0.755, 0.837, 0.85, 0.816, 0.765, 0.796, 0.714, 0.81, 0.816, 0.837, 0.898, 0.786], ['NB', 0.93, 0.878, 0.867, 0.306, 0.857, 0.69, 0.908, 0.653, 0.898, 0.347, 0.67, 0.673, 0.52, 0.306, 0.857, 0.84, 0.449, 0.918, 0.949, 0.367, 0.81, 0.827, 0.327, 0.357, 0.531], ['RF', 0.94, 0.908, 0.929, 0.918, 0.969, 0.9, 0.898, 0.959, 0.949, 0.949, 0.96, 0.929, 0.918, 0.959, 0.939, 0.94, 0.898, 0.959, 0.929, 0.959, 0.93, 0.939, 0.959, 0.949, 0.918], ['LR', 0.93, 0.806, 0.714, 0.684, 0.796, 0.83, 0.776, 0.806, 0.837, 0.796, 0.91, 0.765, 0.765, 0.745, 0.837, 0.86, 0.796, 0.786, 0.847, 0.776, 0.83, 0.816, 0.806, 0.857, 0.786], ['DT', 0.89, 0.908, 0.949, 0.929, 0.949, 0.94, 0.837, 0.908, 0.898, 0.969, 0.95, 0.918, 0.929, 0.908, 0.918, 0.94, 0.827, 0.918, 0.918, 0.949, 0.83, 0.888, 0.908, 0.929, 0.918]]}}

------------------------------------------------------------
Sender: LSF System <lsfadmin@n2d2-9>
Subject: Job 639707: </share2/aagrawa8/miniconda2/bin/python2.7 run.py _test jedit.csv> Done

Job </share2/aagrawa8/miniconda2/bin/python2.7 run.py _test jedit.csv> was submitted from host <login01.hpc.ncsu.edu> by user <aagrawa8> in cluster <henry2>.
Job was executed on host(s) <3*n2d2-9>, in queue <single_chassis>, as user <aagrawa8> in cluster <henry2>.
                            <4*n2d2-14>
                            <1*n2d2-1>
</home/aagrawa8> was used as the home directory.
</home/aagrawa8/fss16591/project/code> was used as the working directory.
Started at Mon Nov 21 14:20:23 2016
Results reported at Mon Nov 21 16:35:10 2016

Your job looked like:

------------------------------------------------------------
# LSBATCH: User input
/share2/aagrawa8/miniconda2/bin/python2.7 run.py _test jedit.csv
------------------------------------------------------------

Successfully completed.

Resource usage summary:

    CPU time   :   8090.28 sec.
    Max Memory :        50 MB
    Max Swap   :       828 MB

    Max Processes  :         3
    Max Threads    :        11

The output (if any) is above this job summary.



PS:

Read file <./err/jedit.csv.err.639707> for stderr output of this job.

