Recall

rank ,         name ,    med   ,  iqr 
----------------------------------------------------
   1 ,           DT ,    0.56  ,  0.12 (    ----*      |              ), 0.50,  0.56,  0.62
   2 ,           RF ,    0.69  ,  0.11 (          ----*|              ), 0.61,  0.69,  0.72
   3 ,           LR ,    0.75  ,  0.09 (               |--*           ), 0.72,  0.75,  0.81
   3 ,          SVM ,    0.79  ,  0.04 (               |   -*         ), 0.78,  0.79,  0.82
   3 ,          KNN ,    0.81  ,  0.12 (               |  ---*        ), 0.75,  0.81,  0.88
   4 ,           NB ,    0.88  ,  0.06 (               |       -*     ), 0.84,  0.88,  0.91

Precision

rank ,         name ,    med   ,  iqr 
----------------------------------------------------
   1 ,           NB ,    0.44  ,  0.05 ( -*            |              ), 0.42,  0.44,  0.48
   2 ,          KNN ,    0.59  ,  0.08 (          --*  |              ), 0.56,  0.59,  0.64
   3 ,           LR ,    0.63  ,  0.09 (             -*|              ), 0.60,  0.63,  0.69
   3 ,          SVM ,    0.65  ,  0.08 (            ---|*             ), 0.60,  0.65,  0.68
   4 ,           DT ,    0.70  ,  0.12 (              -|---*          ), 0.62,  0.70,  0.75
   4 ,           RF ,    0.72  ,  0.10 (               | ----*        ), 0.67,  0.72,  0.77

F_score

rank ,         name ,    med   ,  iqr 
----------------------------------------------------
   1 ,           NB ,    0.59  ,  0.05 (      --*      |              ), 0.57,  0.59,  0.61
   1 ,           DT ,    0.62  ,  0.10 (      ------*  |              ), 0.56,  0.62,  0.66
   2 ,           LR ,    0.69  ,  0.07 (               |-*            ), 0.66,  0.69,  0.73
   2 ,           RF ,    0.69  ,  0.07 (               |--*           ), 0.67,  0.69,  0.74
   2 ,          KNN ,    0.69  ,  0.09 (             --|--*           ), 0.64,  0.69,  0.72
   2 ,          SVM ,    0.71  ,  0.04 (               | --*          ), 0.69,  0.71,  0.73

Accuracy

rank ,         name ,    med   ,  iqr 
----------------------------------------------------
   1 ,           NB ,    0.55  ,  0.08 (   --*         |              ), 0.52,  0.55,  0.60
   2 ,          KNN ,    0.73  ,  0.07 (               |--*           ), 0.69,  0.73,  0.77
   2 ,           LR ,    0.75  ,  0.07 (               |  --*         ), 0.72,  0.75,  0.80
   2 ,           DT ,    0.75  ,  0.05 (               |  --*         ), 0.73,  0.75,  0.78
   2 ,          SVM ,    0.76  ,  0.05 (               |   --*        ), 0.74,  0.76,  0.78
   3 ,           RF ,    0.78  ,  0.05 (               |     --*      ), 0.76,  0.78,  0.81

{'poi': {'Recall': [['KNN', 0.818, 0.813, 0.781, 0.813, 0.844, 0.879, 0.844, 0.781, 0.906, 0.75, 0.727, 0.875, 0.969, 0.75, 0.688, 0.818, 0.813, 0.938, 0.719, 0.719, 0.909, 0.719, 0.719, 0.781, 0.875], ['SVM', 0.788, 0.813, 0.781, 0.781, 0.75, 0.788, 0.906, 0.813, 0.813, 0.688, 0.788, 0.813, 0.781, 0.656, 0.688, 0.818, 0.938, 0.844, 0.844, 0.719, 0.879, 0.656, 0.781, 0.781, 0.875], ['NB', 0.909, 0.906, 0.906, 0.781, 0.813, 0.97, 0.875, 0.875, 0.844, 0.781, 0.818, 0.938, 0.813, 0.906, 0.875, 0.879, 0.969, 0.875, 0.875, 0.781, 0.909, 0.906, 0.844, 0.844, 0.906], ['RF', 0.667, 0.594, 0.688, 0.688, 0.656, 0.576, 0.781, 0.688, 0.719, 0.594, 0.606, 0.594, 0.719, 0.531, 0.719, 0.727, 0.781, 0.781, 0.625, 0.719, 0.788, 0.625, 0.594, 0.719, 0.688], ['LR', 0.727, 0.781, 0.719, 0.75, 0.688, 0.727, 0.844, 0.813, 0.75, 0.719, 0.788, 0.813, 0.75, 0.594, 0.688, 0.818, 0.844, 0.844, 0.813, 0.688, 0.879, 0.625, 0.75, 0.813, 0.844], ['DT', 0.515, 0.5, 0.625, 0.5, 0.531, 0.515, 0.656, 0.594, 0.469, 0.625, 0.545, 0.438, 0.625, 0.406, 0.5, 0.576, 0.688, 0.594, 0.469, 0.563, 0.636, 0.656, 0.5, 0.656, 0.625]], 'Precision': [['KNN', 0.675, 0.591, 0.532, 0.52, 0.692, 0.58, 0.587, 0.676, 0.617, 0.511, 0.5, 0.596, 0.66, 0.558, 0.595, 0.643, 0.578, 0.612, 0.561, 0.561, 0.667, 0.697, 0.575, 0.625, 0.596], ['SVM', 0.619, 0.667, 0.556, 0.595, 0.706, 0.619, 0.63, 0.65, 0.684, 0.524, 0.619, 0.703, 0.676, 0.583, 0.647, 0.692, 0.667, 0.6, 0.587, 0.657, 0.763, 0.568, 0.658, 0.676, 0.596], ['NB', 0.476, 0.537, 0.453, 0.397, 0.413, 0.478, 0.438, 0.424, 0.415, 0.431, 0.397, 0.435, 0.481, 0.433, 0.444, 0.5, 0.449, 0.418, 0.459, 0.403, 0.526, 0.492, 0.443, 0.435, 0.426], ['RF', 0.688, 0.792, 0.667, 0.733, 0.724, 0.613, 0.806, 0.846, 0.719, 0.594, 0.606, 0.76, 0.793, 0.708, 0.639, 0.75, 0.758, 0.862, 0.645, 0.676, 0.788, 0.769, 0.731, 0.719, 0.667], ['LR', 0.6, 0.694, 0.561, 0.6, 0.667, 0.632, 0.628, 0.634, 0.667, 0.561, 0.591, 0.722, 0.706, 0.559, 0.629, 0.692, 0.692, 0.551, 0.605, 0.629, 0.763, 0.571, 0.632, 0.703, 0.614], ['DT', 0.607, 0.696, 0.625, 0.552, 0.773, 0.708, 0.618, 0.792, 0.682, 0.69, 0.643, 0.778, 0.741, 0.619, 0.533, 0.679, 0.786, 0.704, 0.577, 0.783, 0.724, 0.778, 0.727, 0.75, 0.69]], 'F_score': [['KNN', 0.74, 0.684, 0.633, 0.634, 0.761, 0.699, 0.692, 0.725, 0.734, 0.608, 0.593, 0.709, 0.785, 0.64, 0.638, 0.72, 0.675, 0.741, 0.63, 0.63, 0.769, 0.708, 0.639, 0.694, 0.709], ['SVM', 0.693, 0.732, 0.649, 0.676, 0.727, 0.693, 0.744, 0.722, 0.743, 0.595, 0.693, 0.754, 0.725, 0.618, 0.667, 0.75, 0.779, 0.701, 0.692, 0.687, 0.817, 0.609, 0.714, 0.725, 0.709], ['NB', 0.625, 0.674, 0.604, 0.526, 0.547, 0.64, 0.583, 0.571, 0.557, 0.556, 0.535, 0.594, 0.605, 0.586, 0.589, 0.637, 0.614, 0.566, 0.602, 0.532, 0.667, 0.637, 0.581, 0.574, 0.58], ['RF', 0.677, 0.679, 0.677, 0.71, 0.689, 0.594, 0.794, 0.759, 0.719, 0.594, 0.606, 0.667, 0.754, 0.607, 0.676, 0.738, 0.769, 0.82, 0.635, 0.697, 0.788, 0.69, 0.655, 0.719, 0.677], ['LR', 0.658, 0.735, 0.63, 0.667, 0.677, 0.676, 0.72, 0.712, 0.706, 0.63, 0.675, 0.765, 0.727, 0.576, 0.657, 0.75, 0.761, 0.667, 0.693, 0.657, 0.817, 0.597, 0.686, 0.754, 0.711], ['DT', 0.557, 0.582, 0.625, 0.525, 0.63, 0.596, 0.636, 0.679, 0.556, 0.656, 0.59, 0.56, 0.678, 0.491, 0.516, 0.623, 0.733, 0.644, 0.517, 0.655, 0.677, 0.712, 0.593, 0.7, 0.656]], 'Accuracy': [['KNN', 0.789, 0.727, 0.67, 0.659, 0.807, 0.722, 0.727, 0.784, 0.761, 0.648, 0.633, 0.739, 0.807, 0.693, 0.716, 0.767, 0.716, 0.761, 0.693, 0.693, 0.8, 0.784, 0.705, 0.75, 0.739], ['SVM', 0.744, 0.784, 0.693, 0.727, 0.795, 0.744, 0.773, 0.773, 0.795, 0.659, 0.744, 0.807, 0.784, 0.705, 0.75, 0.8, 0.807, 0.739, 0.727, 0.761, 0.856, 0.693, 0.773, 0.784, 0.739], ['NB', 0.6, 0.682, 0.568, 0.489, 0.511, 0.6, 0.545, 0.523, 0.511, 0.545, 0.478, 0.534, 0.614, 0.534, 0.557, 0.633, 0.557, 0.511, 0.58, 0.5, 0.667, 0.625, 0.557, 0.545, 0.523], ['RF', 0.767, 0.795, 0.761, 0.795, 0.784, 0.711, 0.852, 0.841, 0.795, 0.705, 0.711, 0.784, 0.83, 0.75, 0.75, 0.811, 0.83, 0.875, 0.739, 0.773, 0.844, 0.795, 0.773, 0.795, 0.761], ['LR', 0.722, 0.795, 0.693, 0.727, 0.761, 0.744, 0.761, 0.761, 0.773, 0.693, 0.722, 0.818, 0.795, 0.682, 0.739, 0.8, 0.807, 0.693, 0.739, 0.739, 0.856, 0.693, 0.75, 0.807, 0.75], ['DT', 0.7, 0.739, 0.727, 0.67, 0.773, 0.744, 0.727, 0.795, 0.727, 0.761, 0.722, 0.75, 0.784, 0.693, 0.659, 0.744, 0.818, 0.761, 0.682, 0.784, 0.778, 0.807, 0.75, 0.795, 0.761]]}}

------------------------------------------------------------
Sender: LSF System <lsfadmin@n2c3-4>
Subject: Job 639709: </share2/aagrawa8/miniconda2/bin/python2.7 run.py _test poi.csv> Done

Job </share2/aagrawa8/miniconda2/bin/python2.7 run.py _test poi.csv> was submitted from host <login01.hpc.ncsu.edu> by user <aagrawa8> in cluster <henry2>.
Job was executed on host(s) <4*n2c3-4>, in queue <single_chassis>, as user <aagrawa8> in cluster <henry2>.
                            <4*n2c3-8>
</home/aagrawa8> was used as the home directory.
</home/aagrawa8/fss16591/project/code> was used as the working directory.
Started at Mon Nov 21 14:20:23 2016
Results reported at Mon Nov 21 14:28:45 2016

Your job looked like:

------------------------------------------------------------
# LSBATCH: User input
/share2/aagrawa8/miniconda2/bin/python2.7 run.py _test poi.csv
------------------------------------------------------------

Successfully completed.

Resource usage summary:

    CPU time   :    495.88 sec.
    Max Memory :        49 MB
    Max Swap   :       964 MB

    Max Processes  :         3
    Max Threads    :        15

The output (if any) is above this job summary.



PS:

Read file <./err/poi.csv.err.639709> for stderr output of this job.

