Recall

rank ,         name ,    med   ,  iqr 
----------------------------------------------------
   1 ,           NB ,    0.36  ,  0.10 (     ---*      |              ), 0.29,  0.36,  0.39
   2 ,          SVM ,    0.71  ,  0.07 (               |  --*         ), 0.66,  0.71,  0.73
   2 ,           LR ,    0.71  ,  0.05 (               |  --*         ), 0.66,  0.71,  0.71
   3 ,          KNN ,    0.75  ,  0.07 (               |    -*        ), 0.71,  0.75,  0.79
   4 ,           DT ,    0.90  ,  0.03 (               |          *   ), 0.89,  0.90,  0.92
   5 ,           RF ,    0.93  ,  0.03 (               |           *  ), 0.92,  0.93,  0.96

Precision

rank ,         name ,    med   ,  iqr 
----------------------------------------------------
   1 ,           RF ,    0.92  ,  0.02 (            -* |              ), 0.92,  0.92,  0.93
   1 ,           DT ,    0.93  ,  0.02 (            ---*              ), 0.92,  0.93,  0.93
   1 ,          KNN ,    0.93  ,  0.02 (             --*              ), 0.92,  0.93,  0.94
   1 ,           LR ,    0.93  ,  0.02 (             --*              ), 0.92,  0.93,  0.94
   1 ,          SVM ,    0.93  ,  0.02 (              -|*             ), 0.93,  0.93,  0.95
   1 ,           NB ,    0.94  ,  0.05 (              -|-*            ), 0.93,  0.94,  0.98

F_score

rank ,         name ,    med   ,  iqr 
----------------------------------------------------
   1 ,           NB ,    0.53  ,  0.11 (        ----*  |              ), 0.44,  0.53,  0.55
   2 ,           LR ,    0.80  ,  0.03 (               |      -*      ), 0.78,  0.80,  0.81
   2 ,          SVM ,    0.80  ,  0.04 (               |      -*      ), 0.77,  0.80,  0.82
   3 ,          KNN ,    0.83  ,  0.03 (               |       -*     ), 0.81,  0.83,  0.85
   4 ,           DT ,    0.92  ,  0.03 (               |           -* ), 0.90,  0.92,  0.93
   5 ,           RF ,    0.93  ,  0.02 (               |            * ), 0.92,  0.93,  0.94

Accuracy

rank ,         name ,    med   ,  iqr 
----------------------------------------------------
   1 ,           NB ,    0.41  ,  0.08 (     ---*      |              ), 0.34,  0.41,  0.42
   2 ,          SVM ,    0.69  ,  0.06 (               |  -*          ), 0.64,  0.69,  0.71
   2 ,           LR ,    0.69  ,  0.05 (               |  -*          ), 0.66,  0.69,  0.70
   3 ,          KNN ,    0.73  ,  0.05 (               |    -*        ), 0.70,  0.73,  0.75
   4 ,           DT ,    0.85  ,  0.04 (               |         -*   ), 0.82,  0.85,  0.86
   5 ,           RF ,    0.88  ,  0.03 (               |          -*  ), 0.86,  0.88,  0.89

{'prop': {'Recall': [['KNN', 0.681, 0.714, 0.765, 0.731, 0.712, 0.807, 0.807, 0.731, 0.756, 0.746, 0.79, 0.714, 0.731, 0.714, 0.788, 0.706, 0.723, 0.798, 0.798, 0.822, 0.731, 0.697, 0.765, 0.773, 0.771], ['SVM', 0.739, 0.731, 0.748, 0.672, 0.593, 0.714, 0.748, 0.681, 0.697, 0.729, 0.706, 0.664, 0.571, 0.731, 0.797, 0.723, 0.714, 0.563, 0.639, 0.729, 0.655, 0.63, 0.697, 0.773, 0.695], ['NB', 0.387, 0.126, 0.437, 0.361, 0.153, 0.303, 0.227, 0.361, 0.387, 0.415, 0.403, 0.361, 0.21, 0.378, 0.288, 0.429, 0.235, 0.353, 0.378, 0.356, 0.353, 0.21, 0.395, 0.387, 0.534], ['RF', 0.899, 0.95, 0.95, 0.924, 0.932, 0.958, 0.933, 0.933, 0.916, 0.958, 0.958, 0.916, 0.891, 0.924, 0.958, 0.924, 0.899, 0.95, 0.992, 0.949, 0.933, 0.95, 0.966, 0.899, 0.975], ['LR', 0.748, 0.697, 0.714, 0.689, 0.653, 0.714, 0.765, 0.714, 0.714, 0.686, 0.739, 0.647, 0.613, 0.681, 0.805, 0.706, 0.714, 0.664, 0.647, 0.822, 0.647, 0.647, 0.714, 0.739, 0.703], ['DT', 0.849, 0.891, 0.899, 0.899, 0.856, 0.933, 0.899, 0.891, 0.874, 0.941, 0.908, 0.857, 0.916, 0.95, 0.89, 0.899, 0.908, 0.874, 0.95, 0.949, 0.958, 0.908, 0.908, 0.866, 0.924]], 'Precision': [['KNN', 0.931, 0.944, 0.919, 0.897, 0.933, 0.932, 0.914, 0.906, 0.947, 0.967, 0.887, 0.955, 0.967, 0.966, 0.912, 0.923, 0.935, 0.931, 0.941, 0.933, 0.916, 0.922, 0.929, 0.939, 0.938], ['SVM', 0.917, 0.926, 0.957, 0.909, 0.972, 0.934, 0.947, 0.931, 0.943, 0.925, 0.913, 0.963, 0.958, 0.946, 0.949, 0.935, 0.934, 0.918, 0.927, 0.925, 0.918, 0.949, 0.943, 0.929, 0.921], ['NB', 0.902, 0.938, 0.929, 0.935, 1.0, 0.973, 0.964, 0.915, 0.939, 0.942, 0.857, 1.0, 1.0, 0.978, 0.944, 0.927, 0.903, 0.955, 0.918, 1.0, 0.913, 1.0, 0.979, 0.939, 0.94], ['RF', 0.899, 0.926, 0.934, 0.917, 0.94, 0.919, 0.925, 0.917, 0.94, 0.919, 0.919, 0.924, 0.972, 0.924, 0.919, 0.909, 0.922, 0.911, 0.937, 0.941, 0.902, 0.934, 0.935, 0.915, 0.92], ['LR', 0.918, 0.933, 0.934, 0.911, 0.975, 0.924, 0.948, 0.924, 0.944, 0.931, 0.917, 0.963, 0.961, 0.964, 0.941, 0.923, 0.944, 0.919, 0.928, 0.933, 0.917, 0.951, 0.934, 0.936, 0.922], ['DT', 0.894, 0.938, 0.93, 0.93, 0.944, 0.917, 0.907, 0.906, 0.954, 0.91, 0.931, 0.927, 0.948, 0.934, 0.905, 0.939, 0.931, 0.904, 0.934, 0.933, 0.919, 0.939, 0.931, 0.92, 0.916]], 'F_score': [['KNN', 0.786, 0.813, 0.835, 0.806, 0.808, 0.865, 0.857, 0.809, 0.841, 0.842, 0.836, 0.817, 0.833, 0.821, 0.845, 0.8, 0.815, 0.86, 0.864, 0.874, 0.813, 0.794, 0.839, 0.848, 0.847], ['SVM', 0.819, 0.817, 0.84, 0.773, 0.737, 0.81, 0.836, 0.786, 0.802, 0.815, 0.796, 0.786, 0.716, 0.825, 0.866, 0.815, 0.81, 0.698, 0.756, 0.815, 0.765, 0.758, 0.802, 0.844, 0.792], ['NB', 0.541, 0.222, 0.594, 0.521, 0.265, 0.462, 0.367, 0.518, 0.548, 0.576, 0.549, 0.531, 0.347, 0.545, 0.442, 0.586, 0.373, 0.515, 0.536, 0.525, 0.509, 0.347, 0.563, 0.548, 0.681], ['RF', 0.899, 0.938, 0.942, 0.921, 0.936, 0.938, 0.929, 0.925, 0.928, 0.938, 0.938, 0.92, 0.93, 0.924, 0.938, 0.917, 0.911, 0.93, 0.963, 0.945, 0.917, 0.942, 0.95, 0.907, 0.947], ['LR', 0.824, 0.798, 0.81, 0.785, 0.782, 0.806, 0.847, 0.806, 0.813, 0.79, 0.819, 0.774, 0.749, 0.798, 0.868, 0.8, 0.813, 0.771, 0.762, 0.874, 0.759, 0.77, 0.81, 0.826, 0.798], ['DT', 0.871, 0.914, 0.915, 0.915, 0.898, 0.925, 0.903, 0.898, 0.912, 0.925, 0.919, 0.891, 0.932, 0.942, 0.897, 0.918, 0.919, 0.889, 0.942, 0.941, 0.938, 0.923, 0.919, 0.892, 0.92]], 'Accuracy': [['KNN', 0.669, 0.705, 0.727, 0.682, 0.695, 0.774, 0.758, 0.689, 0.742, 0.748, 0.722, 0.712, 0.735, 0.72, 0.74, 0.684, 0.705, 0.765, 0.773, 0.786, 0.699, 0.674, 0.735, 0.75, 0.748], ['SVM', 0.707, 0.705, 0.742, 0.644, 0.618, 0.699, 0.735, 0.667, 0.689, 0.702, 0.677, 0.674, 0.591, 0.72, 0.779, 0.707, 0.697, 0.561, 0.629, 0.702, 0.639, 0.636, 0.689, 0.742, 0.672], ['NB', 0.414, 0.205, 0.462, 0.402, 0.237, 0.368, 0.295, 0.394, 0.424, 0.45, 0.406, 0.424, 0.288, 0.432, 0.344, 0.459, 0.288, 0.402, 0.409, 0.42, 0.391, 0.288, 0.447, 0.424, 0.55], ['RF', 0.82, 0.886, 0.894, 0.856, 0.885, 0.887, 0.871, 0.864, 0.871, 0.885, 0.887, 0.856, 0.879, 0.864, 0.885, 0.85, 0.841, 0.871, 0.932, 0.901, 0.85, 0.894, 0.909, 0.833, 0.901], ['LR', 0.714, 0.682, 0.697, 0.659, 0.672, 0.692, 0.75, 0.689, 0.705, 0.672, 0.707, 0.659, 0.629, 0.689, 0.779, 0.684, 0.705, 0.644, 0.636, 0.786, 0.632, 0.652, 0.697, 0.72, 0.679], ['DT', 0.774, 0.848, 0.848, 0.848, 0.824, 0.865, 0.826, 0.818, 0.848, 0.863, 0.857, 0.811, 0.879, 0.894, 0.817, 0.857, 0.856, 0.803, 0.894, 0.893, 0.887, 0.864, 0.856, 0.811, 0.855]]}}

------------------------------------------------------------
Sender: LSF System <lsfadmin@n2c3-2>
Subject: Job 639710: </share2/aagrawa8/miniconda2/bin/python2.7 run.py _test prop.csv> Done

Job </share2/aagrawa8/miniconda2/bin/python2.7 run.py _test prop.csv> was submitted from host <login01.hpc.ncsu.edu> by user <aagrawa8> in cluster <henry2>.
Job was executed on host(s) <4*n2c3-2>, in queue <single_chassis>, as user <aagrawa8> in cluster <henry2>.
                            <4*n2c3-6>
</home/aagrawa8> was used as the home directory.
</home/aagrawa8/fss16591/project/code> was used as the working directory.
Started at Mon Nov 21 14:20:23 2016
Results reported at Mon Nov 21 14:26:29 2016

Your job looked like:

------------------------------------------------------------
# LSBATCH: User input
/share2/aagrawa8/miniconda2/bin/python2.7 run.py _test prop.csv
------------------------------------------------------------

Successfully completed.

Resource usage summary:

    CPU time   :    361.04 sec.
    Max Memory :        52 MB
    Max Swap   :       965 MB

    Max Processes  :         3
    Max Threads    :        15

The output (if any) is above this job summary.



PS:

Read file <./err/prop.csv.err.639710> for stderr output of this job.

