Recall

rank ,         name ,    med   ,  iqr 
----------------------------------------------------
   1 ,          KNN ,    0.70  ,  0.13 (         ---*  |              ), 0.65,  0.70,  0.77
   2 ,          SVM ,    0.77  ,  0.10 (            ---|-*            ), 0.70,  0.77,  0.80
   2 ,           LR ,    0.77  ,  0.10 (              -|-*            ), 0.73,  0.77,  0.83
   3 ,           DT ,    0.83  ,  0.07 (               |   --*        ), 0.80,  0.83,  0.87
   3 ,           NB ,    0.87  ,  0.10 (               |   ----*      ), 0.81,  0.87,  0.90
   4 ,           RF ,    0.90  ,  0.10 (               |     ----*    ), 0.83,  0.90,  0.93

Precision

rank ,         name ,    med   ,  iqr 
----------------------------------------------------
   1 ,           NB ,    0.72  ,  0.04 (          --*  |              ), 0.70,  0.72,  0.74
   1 ,           DT ,    0.73  ,  0.04 (           --* |              ), 0.71,  0.73,  0.75
   1 ,           RF ,    0.74  ,  0.05 (           --* |              ), 0.71,  0.74,  0.77
   1 ,          KNN ,    0.77  ,  0.07 (           ----|*             ), 0.71,  0.77,  0.79
   2 ,          SVM ,    0.79  ,  0.07 (               |---*          ), 0.76,  0.79,  0.83
   2 ,           LR ,    0.81  ,  0.11 (             --|----*         ), 0.73,  0.81,  0.85

F_score

rank ,         name ,    med   ,  iqr 
----------------------------------------------------
   1 ,          KNN ,    0.73  ,  0.11 (      -------* |              ), 0.66,  0.73,  0.76
   2 ,           LR ,    0.77  ,  0.06 (               |--*           ), 0.75,  0.77,  0.81
   2 ,          SVM ,    0.78  ,  0.07 (              -|--*           ), 0.73,  0.78,  0.80
   2 ,           DT ,    0.78  ,  0.06 (               |---*          ), 0.74,  0.78,  0.80
   2 ,           NB ,    0.79  ,  0.03 (               |  -*          ), 0.77,  0.79,  0.80
   3 ,           RF ,    0.81  ,  0.04 (               |   ---*       ), 0.78,  0.81,  0.82

Accuracy

rank ,         name ,    med   ,  iqr 
----------------------------------------------------
   1 ,          KNN ,    0.65  ,  0.11 (         -----*|              ), 0.60,  0.65,  0.71
   1 ,           DT ,    0.69  ,  0.06 (              -|-*            ), 0.65,  0.69,  0.72
   1 ,           NB ,    0.70  ,  0.05 (               |-*            ), 0.67,  0.70,  0.72
   2 ,          SVM ,    0.72  ,  0.07 (               |---*          ), 0.67,  0.72,  0.74
   2 ,           LR ,    0.72  ,  0.09 (               |---*          ), 0.67,  0.72,  0.76
   2 ,           RF ,    0.72  ,  0.04 (               | ---*         ), 0.70,  0.72,  0.74

{'velocity': {'Recall': [['KNN', 0.645, 0.867, 0.633, 0.667, 0.567, 0.645, 0.667, 0.8, 0.8, 0.5, 0.839, 0.833, 0.533, 0.7, 0.733, 0.774, 0.733, 0.6, 0.7, 0.733, 0.774, 0.7, 0.767, 0.533, 0.667], ['SVM', 0.839, 0.8, 0.667, 0.8, 0.667, 0.645, 0.767, 0.833, 0.8, 0.8, 0.71, 0.767, 0.733, 0.733, 0.833, 0.71, 0.933, 0.633, 0.7, 0.767, 0.742, 0.667, 0.833, 0.667, 0.867], ['NB', 0.839, 0.967, 0.833, 0.933, 0.8, 0.871, 0.933, 0.833, 0.867, 0.8, 0.806, 0.833, 0.733, 0.633, 0.933, 0.903, 0.867, 0.867, 0.733, 0.9, 0.968, 0.667, 0.9, 0.9, 0.933], ['RF', 0.839, 0.9, 0.9, 0.867, 0.8, 0.903, 0.933, 0.967, 0.967, 0.933, 0.935, 0.967, 0.767, 0.767, 0.9, 0.968, 0.933, 0.8, 0.833, 0.9, 0.839, 0.733, 0.967, 0.8, 0.933], ['LR', 0.871, 0.833, 0.7, 0.767, 0.7, 0.71, 0.733, 0.833, 0.8, 0.8, 0.774, 0.867, 0.733, 0.7, 0.8, 0.742, 0.933, 0.7, 0.767, 0.833, 0.742, 0.7, 0.867, 0.733, 0.933], ['DT', 0.839, 0.8, 0.8, 0.8, 0.833, 0.871, 0.867, 0.933, 0.867, 0.867, 0.806, 0.833, 0.8, 0.7, 0.9, 0.935, 0.9, 0.767, 0.667, 0.833, 0.839, 0.8, 0.8, 0.667, 0.867]], 'Precision': [['KNN', 0.769, 0.765, 0.679, 0.714, 0.739, 0.667, 0.8, 0.8, 0.727, 0.833, 0.788, 0.781, 0.727, 0.7, 0.786, 0.857, 0.733, 0.667, 0.84, 0.786, 0.774, 0.724, 0.697, 0.667, 0.87], ['SVM', 0.839, 0.667, 0.87, 0.706, 0.8, 0.833, 0.793, 0.735, 0.8, 0.828, 0.733, 0.821, 0.846, 0.759, 0.781, 0.759, 0.778, 0.704, 0.875, 0.767, 0.821, 0.909, 0.781, 0.667, 0.839], ['NB', 0.765, 0.69, 0.714, 0.737, 0.8, 0.692, 0.718, 0.694, 0.722, 0.75, 0.714, 0.735, 0.611, 0.826, 0.7, 0.718, 0.703, 0.743, 0.815, 0.692, 0.714, 0.588, 0.711, 0.73, 0.778], ['RF', 0.765, 0.711, 0.75, 0.765, 0.774, 0.737, 0.737, 0.659, 0.707, 0.737, 0.707, 0.725, 0.697, 0.742, 0.771, 0.732, 0.778, 0.75, 0.735, 0.75, 0.813, 0.667, 0.725, 0.706, 0.824], ['LR', 0.871, 0.714, 0.808, 0.719, 0.84, 0.846, 0.88, 0.735, 0.828, 0.828, 0.727, 0.867, 0.88, 0.778, 0.706, 0.767, 0.8, 0.75, 0.885, 0.714, 0.821, 0.84, 0.788, 0.688, 0.848], ['DT', 0.765, 0.686, 0.828, 0.75, 0.676, 0.711, 0.743, 0.718, 0.703, 0.743, 0.658, 0.658, 0.706, 0.75, 0.771, 0.744, 0.73, 0.719, 0.8, 0.735, 0.788, 0.706, 0.8, 0.69, 0.743]], 'F_score': [['KNN', 0.702, 0.813, 0.655, 0.69, 0.642, 0.656, 0.727, 0.8, 0.762, 0.625, 0.813, 0.806, 0.615, 0.7, 0.759, 0.814, 0.733, 0.632, 0.764, 0.759, 0.774, 0.712, 0.73, 0.593, 0.755], ['SVM', 0.839, 0.727, 0.755, 0.75, 0.727, 0.727, 0.78, 0.781, 0.8, 0.814, 0.721, 0.793, 0.786, 0.746, 0.806, 0.733, 0.848, 0.667, 0.778, 0.767, 0.78, 0.769, 0.806, 0.667, 0.852], ['NB', 0.8, 0.806, 0.769, 0.824, 0.8, 0.771, 0.812, 0.758, 0.788, 0.774, 0.758, 0.781, 0.667, 0.717, 0.8, 0.8, 0.776, 0.8, 0.772, 0.783, 0.822, 0.625, 0.794, 0.806, 0.848], ['RF', 0.8, 0.794, 0.818, 0.813, 0.787, 0.812, 0.824, 0.784, 0.817, 0.824, 0.806, 0.829, 0.73, 0.754, 0.831, 0.833, 0.848, 0.774, 0.781, 0.818, 0.825, 0.698, 0.829, 0.75, 0.875], ['LR', 0.871, 0.769, 0.75, 0.742, 0.764, 0.772, 0.8, 0.781, 0.814, 0.814, 0.75, 0.867, 0.8, 0.737, 0.75, 0.754, 0.862, 0.724, 0.821, 0.769, 0.78, 0.764, 0.825, 0.71, 0.889], ['DT', 0.8, 0.738, 0.814, 0.774, 0.746, 0.783, 0.8, 0.812, 0.776, 0.8, 0.725, 0.735, 0.75, 0.724, 0.831, 0.829, 0.806, 0.742, 0.727, 0.781, 0.813, 0.75, 0.8, 0.678, 0.8]], 'Accuracy': [['KNN', 0.638, 0.739, 0.565, 0.6, 0.578, 0.553, 0.674, 0.739, 0.667, 0.6, 0.745, 0.739, 0.565, 0.6, 0.689, 0.766, 0.652, 0.543, 0.711, 0.689, 0.702, 0.63, 0.63, 0.511, 0.711], ['SVM', 0.787, 0.609, 0.717, 0.644, 0.667, 0.681, 0.717, 0.696, 0.733, 0.756, 0.638, 0.739, 0.739, 0.667, 0.733, 0.66, 0.783, 0.587, 0.733, 0.689, 0.723, 0.739, 0.739, 0.556, 0.8], ['NB', 0.723, 0.696, 0.674, 0.733, 0.733, 0.66, 0.717, 0.652, 0.689, 0.689, 0.66, 0.696, 0.522, 0.667, 0.689, 0.702, 0.674, 0.717, 0.711, 0.667, 0.723, 0.478, 0.696, 0.711, 0.778], ['RF', 0.723, 0.696, 0.739, 0.733, 0.711, 0.723, 0.739, 0.652, 0.711, 0.733, 0.702, 0.739, 0.63, 0.667, 0.756, 0.745, 0.783, 0.696, 0.689, 0.733, 0.766, 0.587, 0.739, 0.644, 0.822], ['LR', 0.83, 0.674, 0.696, 0.644, 0.711, 0.723, 0.761, 0.696, 0.756, 0.756, 0.66, 0.826, 0.761, 0.667, 0.644, 0.681, 0.804, 0.652, 0.778, 0.667, 0.723, 0.717, 0.761, 0.6, 0.844], ['DT', 0.723, 0.63, 0.761, 0.689, 0.622, 0.681, 0.717, 0.717, 0.667, 0.711, 0.596, 0.609, 0.652, 0.644, 0.756, 0.745, 0.717, 0.652, 0.667, 0.689, 0.745, 0.652, 0.739, 0.578, 0.711]]}}

------------------------------------------------------------
Sender: LSF System <lsfadmin@n2c1-3>
Subject: Job 639714: </share2/aagrawa8/miniconda2/bin/python2.7 run.py _test velocity.csv> Done

Job </share2/aagrawa8/miniconda2/bin/python2.7 run.py _test velocity.csv> was submitted from host <login01.hpc.ncsu.edu> by user <aagrawa8> in cluster <henry2>.
Job was executed on host(s) <4*n2c1-3>, in queue <single_chassis>, as user <aagrawa8> in cluster <henry2>.
                            <4*n2c1-12>
</home/aagrawa8> was used as the home directory.
</home/aagrawa8/fss16591/project/code> was used as the working directory.
Started at Mon Nov 21 14:20:23 2016
Results reported at Mon Nov 21 14:22:58 2016

Your job looked like:

------------------------------------------------------------
# LSBATCH: User input
/share2/aagrawa8/miniconda2/bin/python2.7 run.py _test velocity.csv
------------------------------------------------------------

Successfully completed.

Resource usage summary:

    CPU time   :    149.41 sec.
    Max Memory :        49 MB
    Max Swap   :       964 MB

    Max Processes  :         3
    Max Threads    :        15

The output (if any) is above this job summary.



PS:

Read file <./err/velocity.csv.err.639714> for stderr output of this job.

