Recall

rank ,         name ,    med   ,  iqr 
----------------------------------------------------
   1 ,           NB ,    0.61  ,  0.22 (        ----*  |              ), 0.54,  0.61,  0.76
   2 ,           DT ,    0.88  ,  0.03 (               |        *     ), 0.88,  0.88,  0.91
   3 ,           RF ,    0.95  ,  0.03 (               |           *  ), 0.95,  0.95,  0.98
   3 ,          SVM ,    0.98  ,  0.05 (               |           -* ), 0.95,  0.98,  1.00
   3 ,           LR ,    0.98  ,  0.03 (               |           -* ), 0.95,  0.98,  0.98
   4 ,          KNN ,    1.00  ,  0.02 (               |            -*), 0.98,  1.00,  1.00

Precision

rank ,         name ,    med   ,  iqr 
----------------------------------------------------
   1 ,          KNN ,    0.89  ,  0.01 (       -*      |              ), 0.89,  0.89,  0.89
   2 ,           DT ,    0.90  ,  0.03 (         -*    |              ), 0.90,  0.90,  0.92
   2 ,           LR ,    0.91  ,  0.02 (        ---*   |              ), 0.89,  0.91,  0.91
   2 ,          SVM ,    0.91  ,  0.02 (       ----*   |              ), 0.89,  0.91,  0.91
   2 ,           RF ,    0.91  ,  0.02 (        ---*   |              ), 0.89,  0.91,  0.91
   3 ,           NB ,    0.93  ,  0.04 (            ---*              ), 0.91,  0.93,  0.95

F_score

rank ,         name ,    med   ,  iqr 
----------------------------------------------------
   1 ,           NB ,    0.74  ,  0.14 (           ----*              ), 0.68,  0.74,  0.82
   2 ,           DT ,    0.89  ,  0.01 (               |        -*    ), 0.89,  0.89,  0.90
   3 ,           LR ,    0.93  ,  0.02 (               |          -*  ), 0.92,  0.93,  0.94
   3 ,           RF ,    0.93  ,  0.02 (               |          -*  ), 0.92,  0.93,  0.94
   3 ,          SVM ,    0.93  ,  0.02 (               |           *  ), 0.92,  0.93,  0.94
   3 ,          KNN ,    0.94  ,  0.01 (               |           -* ), 0.93,  0.94,  0.94

Accuracy

rank ,         name ,    med   ,  iqr 
----------------------------------------------------
   1 ,           NB ,    0.63  ,  0.16 (       -----*  |              ), 0.54,  0.63,  0.71
   2 ,           DT ,    0.81  ,  0.01 (               |      *       ), 0.81,  0.81,  0.83
   3 ,           LR ,    0.87  ,  0.04 (               |        --*   ), 0.85,  0.87,  0.89
   3 ,          SVM ,    0.88  ,  0.04 (               |         -*   ), 0.85,  0.88,  0.89
   3 ,           RF ,    0.88  ,  0.04 (               |         -*   ), 0.85,  0.88,  0.89
   3 ,          KNN ,    0.89  ,  0.02 (               |          -*  ), 0.87,  0.89,  0.89

{'arc': {'Recall': [['KNN', 1.0, 1.0, 1.0, 0.976, 0.976, 1.0, 0.952, 1.0, 1.0, 1.0, 1.0, 0.976, 1.0, 0.976, 1.0, 1.0, 0.952, 0.951, 0.976, 1.0, 1.0, 0.952, 1.0, 1.0, 0.951], ['SVM', 1.0, 0.952, 0.976, 0.951, 0.976, 1.0, 0.952, 1.0, 0.951, 0.976, 1.0, 0.952, 0.951, 0.951, 1.0, 1.0, 1.0, 0.902, 0.976, 1.0, 1.0, 0.976, 0.976, 0.951, 0.927], ['NB', 0.595, 0.69, 0.634, 0.488, 0.732, 0.857, 0.786, 0.537, 0.341, 0.61, 0.595, 0.524, 0.39, 0.854, 0.902, 0.881, 0.714, 0.537, 0.585, 0.488, 0.762, 0.524, 0.707, 0.61, 0.829], ['RF', 1.0, 0.952, 0.976, 0.927, 0.951, 0.976, 0.952, 0.951, 0.976, 0.976, 0.976, 0.929, 0.951, 0.902, 0.976, 0.952, 0.976, 0.902, 0.951, 0.951, 1.0, 0.976, 0.976, 0.927, 0.951], ['LR', 0.976, 0.929, 0.976, 0.976, 0.976, 0.952, 0.952, 1.0, 0.951, 0.951, 1.0, 0.929, 0.976, 0.976, 0.976, 0.976, 0.976, 0.902, 0.976, 1.0, 1.0, 0.976, 0.927, 0.951, 0.927], ['DT', 0.929, 0.881, 0.902, 0.854, 0.878, 0.881, 0.905, 0.927, 0.878, 0.951, 0.905, 0.857, 0.878, 0.829, 0.902, 0.881, 0.905, 0.854, 0.927, 0.878, 0.905, 0.881, 0.878, 0.829, 0.902]], 'Precision': [['KNN', 0.894, 0.875, 0.891, 0.889, 0.889, 0.875, 0.87, 0.891, 0.891, 0.891, 0.875, 0.872, 0.891, 0.889, 0.911, 0.894, 0.889, 0.929, 0.889, 0.891, 0.894, 0.87, 0.911, 0.891, 0.886], ['SVM', 0.875, 0.889, 0.909, 0.907, 0.909, 0.875, 0.87, 0.932, 0.907, 0.889, 0.875, 0.889, 0.929, 0.907, 0.911, 0.894, 0.875, 0.925, 0.909, 0.911, 0.913, 0.872, 0.909, 0.886, 0.905], ['NB', 0.962, 0.967, 0.929, 0.909, 0.909, 0.9, 0.868, 0.917, 1.0, 0.926, 0.926, 0.846, 1.0, 0.921, 0.925, 0.925, 0.909, 0.917, 1.0, 0.952, 0.889, 0.917, 0.967, 0.893, 0.944], ['RF', 0.875, 0.87, 0.909, 0.884, 0.907, 0.911, 0.87, 0.951, 0.93, 0.889, 0.872, 0.907, 0.929, 0.902, 0.909, 0.909, 0.891, 0.925, 0.929, 0.929, 0.913, 0.891, 0.909, 0.884, 0.907], ['LR', 0.911, 0.886, 0.909, 0.909, 0.889, 0.889, 0.87, 0.911, 0.929, 0.907, 0.894, 0.886, 0.909, 0.909, 0.93, 0.891, 0.872, 0.925, 0.889, 0.932, 0.913, 0.872, 0.905, 0.886, 0.905], ['DT', 0.867, 0.902, 0.902, 0.875, 0.923, 0.902, 0.884, 0.927, 0.947, 0.907, 0.884, 0.923, 0.9, 0.895, 0.902, 0.902, 0.884, 0.946, 0.95, 0.923, 0.905, 0.881, 0.9, 0.895, 0.902]], 'F_score': [['KNN', 0.944, 0.933, 0.943, 0.93, 0.93, 0.933, 0.909, 0.943, 0.943, 0.943, 0.933, 0.921, 0.943, 0.93, 0.953, 0.944, 0.92, 0.94, 0.93, 0.943, 0.944, 0.909, 0.953, 0.943, 0.918], ['SVM', 0.933, 0.92, 0.941, 0.929, 0.941, 0.933, 0.909, 0.965, 0.929, 0.93, 0.933, 0.92, 0.94, 0.929, 0.953, 0.944, 0.933, 0.914, 0.941, 0.953, 0.955, 0.921, 0.941, 0.918, 0.916], ['NB', 0.735, 0.806, 0.754, 0.635, 0.811, 0.878, 0.825, 0.677, 0.509, 0.735, 0.725, 0.647, 0.561, 0.886, 0.914, 0.902, 0.8, 0.677, 0.738, 0.645, 0.821, 0.667, 0.817, 0.725, 0.883], ['RF', 0.933, 0.909, 0.941, 0.905, 0.929, 0.943, 0.909, 0.951, 0.952, 0.93, 0.921, 0.918, 0.94, 0.902, 0.941, 0.93, 0.932, 0.914, 0.94, 0.94, 0.955, 0.932, 0.941, 0.905, 0.929], ['LR', 0.943, 0.907, 0.941, 0.941, 0.93, 0.92, 0.909, 0.953, 0.94, 0.929, 0.944, 0.907, 0.941, 0.941, 0.952, 0.932, 0.921, 0.914, 0.93, 0.965, 0.955, 0.921, 0.916, 0.918, 0.916], ['DT', 0.897, 0.892, 0.902, 0.864, 0.9, 0.892, 0.894, 0.927, 0.911, 0.929, 0.894, 0.889, 0.889, 0.861, 0.902, 0.892, 0.894, 0.897, 0.938, 0.9, 0.905, 0.881, 0.889, 0.861, 0.902]], 'Accuracy': [['KNN', 0.896, 0.875, 0.891, 0.87, 0.87, 0.875, 0.833, 0.891, 0.891, 0.891, 0.875, 0.854, 0.891, 0.87, 0.913, 0.896, 0.854, 0.891, 0.87, 0.891, 0.896, 0.833, 0.913, 0.891, 0.848], ['SVM', 0.875, 0.854, 0.891, 0.87, 0.891, 0.875, 0.833, 0.935, 0.87, 0.87, 0.875, 0.854, 0.891, 0.87, 0.913, 0.896, 0.875, 0.848, 0.891, 0.913, 0.917, 0.854, 0.891, 0.848, 0.848], ['NB', 0.625, 0.708, 0.63, 0.5, 0.696, 0.792, 0.708, 0.543, 0.413, 0.609, 0.604, 0.5, 0.457, 0.804, 0.848, 0.833, 0.688, 0.543, 0.63, 0.522, 0.708, 0.542, 0.717, 0.587, 0.804], ['RF', 0.875, 0.833, 0.891, 0.826, 0.87, 0.896, 0.833, 0.913, 0.913, 0.87, 0.854, 0.854, 0.891, 0.826, 0.891, 0.875, 0.875, 0.848, 0.891, 0.891, 0.917, 0.875, 0.891, 0.826, 0.87], ['LR', 0.896, 0.833, 0.891, 0.891, 0.87, 0.854, 0.833, 0.913, 0.891, 0.87, 0.896, 0.833, 0.891, 0.891, 0.913, 0.875, 0.854, 0.848, 0.87, 0.935, 0.917, 0.854, 0.848, 0.848, 0.848], ['DT', 0.813, 0.813, 0.826, 0.761, 0.826, 0.813, 0.813, 0.87, 0.848, 0.87, 0.813, 0.813, 0.804, 0.761, 0.826, 0.813, 0.813, 0.826, 0.891, 0.826, 0.833, 0.792, 0.804, 0.761, 0.826]]}}

------------------------------------------------------------
Sender: LSF System <lsfadmin@n3n2-6>
Subject: Job 643228: </share2/aagrawa8/miniconda2/bin/python2.7 run.py _test arc.csv> Done

Job </share2/aagrawa8/miniconda2/bin/python2.7 run.py _test arc.csv> was submitted from host <login02.hpc.ncsu.edu> by user <aagrawa8> in cluster <henry2>.
Job was executed on host(s) <8*n3n2-6>, in queue <single_chassis>, as user <aagrawa8> in cluster <henry2>.
</home/aagrawa8> was used as the home directory.
</home/aagrawa8/fss16591/project/code> was used as the working directory.
Started at Mon Nov 21 16:59:09 2016
Results reported at Mon Nov 21 17:03:20 2016

Your job looked like:

------------------------------------------------------------
# LSBATCH: User input
/share2/aagrawa8/miniconda2/bin/python2.7 run.py _test arc.csv
------------------------------------------------------------

Successfully completed.

Resource usage summary:

    CPU time   :    233.46 sec.
    Max Memory :        48 MB
    Max Swap   :       828 MB

    Max Processes  :         3
    Max Threads    :        11

The output (if any) is above this job summary.



PS:

Read file <./err/arc.csv.err.643228> for stderr output of this job.

