Recall

rank ,         name ,    med   ,  iqr 
----------------------------------------------------
   1 ,           NB ,    0.94  ,  0.04 (               |---*          ), 0.91,  0.94,  0.95
   2 ,           DT ,    0.97  ,  0.03 (               |      --*     ), 0.95,  0.97,  0.98
   3 ,           LR ,    0.98  ,  0.02 (               |           *  ), 0.98,  0.98,  1.00
   4 ,          KNN ,    1.00  ,  0.00 (               |             *), 1.00,  1.00,  1.00
   4 ,          SVM ,    1.00  ,  0.02 (               |           --*), 0.98,  1.00,  1.00
   4 ,           RF ,    1.00  ,  0.02 (               |           --*), 0.98,  1.00,  1.00

Precision

rank ,         name ,    med   ,  iqr 
----------------------------------------------------
   1 ,           LR ,    0.96  ,  0.01 (  *            |              ), 0.96,  0.96,  0.97
   1 ,          KNN ,    0.96  ,  0.01 (  -*           |              ), 0.96,  0.96,  0.97
   1 ,          SVM ,    0.96  ,  0.01 (  -*           |              ), 0.96,  0.96,  0.97
   1 ,           RF ,    0.96  ,  0.01 (  -*           |              ), 0.96,  0.96,  0.97
   1 ,           DT ,    0.96  ,  0.01 ( --*           |              ), 0.95,  0.96,  0.97
   2 ,           NB ,    0.97  ,  0.02 (         -*    |              ), 0.97,  0.97,  0.98

F_score

rank ,         name ,    med   ,  iqr 
----------------------------------------------------
   1 ,           NB ,    0.95  ,  0.02 (               | ---*         ), 0.94,  0.95,  0.96
   1 ,           DT ,    0.96  ,  0.02 (               |    --*       ), 0.95,  0.96,  0.98
   2 ,          SVM ,    0.98  ,  0.00 (               |           *  ), 0.98,  0.98,  0.98
   2 ,           RF ,    0.98  ,  0.00 (               |           *  ), 0.98,  0.98,  0.98
   2 ,           LR ,    0.98  ,  0.01 (               |         --*  ), 0.97,  0.98,  0.98
   2 ,          KNN ,    0.98  ,  0.01 (               |           *  ), 0.98,  0.98,  0.98

Accuracy

rank ,         name ,    med   ,  iqr 
----------------------------------------------------
   1 ,           NB ,    0.91  ,  0.03 (               |---*          ), 0.90,  0.91,  0.93
   2 ,           DT ,    0.93  ,  0.04 (               |   --*        ), 0.91,  0.93,  0.95
   3 ,           LR ,    0.95  ,  0.02 (               |        ---*  ), 0.94,  0.95,  0.96
   3 ,          SVM ,    0.96  ,  0.00 (               |           *  ), 0.95,  0.96,  0.96
   3 ,           RF ,    0.96  ,  0.00 (               |           *  ), 0.95,  0.96,  0.96
   3 ,          KNN ,    0.96  ,  0.01 (               |           *  ), 0.96,  0.96,  0.97

{'camel': {'Recall': [['KNN', 1.0, 1.0, 1.0, 1.0, 1.0, 1.0, 1.0, 1.0, 1.0, 1.0, 1.0, 1.0, 1.0, 1.0, 1.0, 1.0, 1.0, 1.0, 1.0, 1.0, 1.0, 1.0, 1.0, 1.0, 1.0], ['SVM', 0.985, 1.0, 1.0, 1.0, 1.0, 1.0, 1.0, 1.0, 0.954, 1.0, 1.0, 1.0, 1.0, 0.985, 0.985, 1.0, 1.0, 0.985, 0.954, 1.0, 0.97, 1.0, 1.0, 1.0, 0.985], ['NB', 0.894, 0.969, 0.923, 0.923, 0.923, 0.955, 0.954, 0.815, 0.938, 0.954, 0.909, 0.831, 0.954, 0.954, 0.892, 0.909, 0.954, 0.908, 0.969, 0.954, 0.955, 0.938, 0.954, 0.923, 0.938], ['RF', 0.985, 1.0, 1.0, 1.0, 1.0, 1.0, 1.0, 1.0, 0.969, 1.0, 1.0, 0.985, 1.0, 0.985, 0.985, 1.0, 1.0, 1.0, 0.985, 1.0, 1.0, 1.0, 1.0, 1.0, 0.954], ['LR', 0.985, 0.985, 1.0, 1.0, 0.985, 0.985, 1.0, 0.985, 0.969, 1.0, 1.0, 0.985, 1.0, 0.985, 0.954, 0.985, 1.0, 0.985, 0.969, 1.0, 1.0, 0.985, 1.0, 1.0, 0.969], ['DT', 0.985, 1.0, 0.954, 0.954, 0.969, 1.0, 1.0, 0.954, 0.938, 0.985, 0.985, 0.908, 0.954, 0.954, 0.938, 0.985, 0.938, 0.969, 0.954, 1.0, 0.97, 1.0, 0.938, 0.985, 0.954]], 'Precision': [['KNN', 0.957, 0.956, 0.956, 0.97, 0.97, 0.957, 0.956, 0.956, 0.97, 0.97, 0.957, 0.956, 0.956, 0.97, 0.97, 0.957, 0.956, 0.956, 0.97, 0.97, 0.957, 0.956, 0.956, 0.97, 0.97], ['SVM', 0.956, 0.956, 0.956, 0.97, 0.97, 0.957, 0.956, 0.956, 0.969, 0.97, 0.957, 0.956, 0.956, 0.97, 0.97, 0.957, 0.956, 0.955, 0.969, 0.97, 0.955, 0.956, 0.956, 0.97, 0.97], ['NB', 0.967, 0.969, 1.0, 0.968, 0.968, 0.984, 0.954, 0.981, 0.968, 0.969, 1.0, 0.964, 0.954, 0.969, 0.967, 0.968, 0.969, 0.967, 0.969, 1.0, 0.955, 0.984, 0.984, 1.0, 0.968], ['RF', 0.956, 0.956, 0.956, 0.97, 0.97, 0.957, 0.956, 0.956, 0.969, 0.97, 0.957, 0.955, 0.956, 0.97, 0.97, 0.957, 0.956, 0.956, 0.97, 0.97, 0.957, 0.956, 0.956, 0.97, 0.969], ['LR', 0.956, 0.955, 0.956, 0.97, 0.97, 0.956, 0.956, 0.955, 0.969, 0.97, 0.957, 0.955, 0.956, 0.97, 0.969, 0.956, 0.956, 0.955, 0.969, 0.97, 0.957, 0.955, 0.956, 0.97, 0.969], ['DT', 0.956, 0.97, 0.954, 0.969, 0.969, 0.957, 0.956, 0.954, 0.968, 0.97, 0.956, 0.952, 0.969, 0.969, 0.968, 0.956, 0.953, 0.955, 0.969, 0.97, 0.955, 0.956, 0.953, 0.97, 0.969]], 'F_score': [['KNN', 0.978, 0.977, 0.977, 0.985, 0.985, 0.978, 0.977, 0.977, 0.985, 0.985, 0.978, 0.977, 0.977, 0.985, 0.985, 0.978, 0.977, 0.977, 0.985, 0.985, 0.978, 0.977, 0.977, 0.985, 0.985], ['SVM', 0.97, 0.977, 0.977, 0.985, 0.985, 0.978, 0.977, 0.977, 0.961, 0.985, 0.978, 0.977, 0.977, 0.977, 0.977, 0.978, 0.977, 0.97, 0.961, 0.985, 0.962, 0.977, 0.977, 0.985, 0.977], ['NB', 0.929, 0.969, 0.96, 0.945, 0.945, 0.969, 0.954, 0.891, 0.953, 0.961, 0.952, 0.893, 0.954, 0.961, 0.928, 0.937, 0.961, 0.937, 0.969, 0.976, 0.955, 0.961, 0.969, 0.96, 0.953], ['RF', 0.97, 0.977, 0.977, 0.985, 0.985, 0.978, 0.977, 0.977, 0.969, 0.985, 0.978, 0.97, 0.977, 0.977, 0.977, 0.978, 0.977, 0.977, 0.977, 0.985, 0.978, 0.977, 0.977, 0.985, 0.961], ['LR', 0.97, 0.97, 0.977, 0.985, 0.977, 0.97, 0.977, 0.97, 0.969, 0.985, 0.978, 0.97, 0.977, 0.977, 0.961, 0.97, 0.977, 0.97, 0.969, 0.985, 0.978, 0.97, 0.977, 0.985, 0.969], ['DT', 0.97, 0.985, 0.954, 0.961, 0.969, 0.978, 0.977, 0.954, 0.953, 0.977, 0.97, 0.929, 0.961, 0.961, 0.953, 0.97, 0.946, 0.962, 0.961, 0.985, 0.962, 0.977, 0.946, 0.977, 0.961]], 'Accuracy': [['KNN', 0.957, 0.956, 0.956, 0.97, 0.97, 0.957, 0.956, 0.956, 0.97, 0.97, 0.957, 0.956, 0.956, 0.97, 0.97, 0.957, 0.956, 0.956, 0.97, 0.97, 0.957, 0.956, 0.956, 0.97, 0.97], ['SVM', 0.942, 0.956, 0.956, 0.97, 0.97, 0.957, 0.956, 0.956, 0.925, 0.97, 0.957, 0.956, 0.956, 0.955, 0.955, 0.957, 0.956, 0.941, 0.925, 0.97, 0.928, 0.956, 0.956, 0.97, 0.955], ['NB', 0.87, 0.941, 0.926, 0.896, 0.896, 0.942, 0.912, 0.809, 0.91, 0.925, 0.913, 0.809, 0.912, 0.925, 0.866, 0.884, 0.926, 0.882, 0.94, 0.955, 0.913, 0.926, 0.941, 0.925, 0.91], ['RF', 0.942, 0.956, 0.956, 0.97, 0.97, 0.957, 0.956, 0.956, 0.94, 0.97, 0.957, 0.941, 0.956, 0.955, 0.955, 0.957, 0.956, 0.956, 0.955, 0.97, 0.957, 0.956, 0.956, 0.97, 0.925], ['LR', 0.942, 0.941, 0.956, 0.97, 0.955, 0.942, 0.956, 0.941, 0.94, 0.97, 0.957, 0.941, 0.956, 0.955, 0.925, 0.942, 0.956, 0.941, 0.94, 0.97, 0.957, 0.941, 0.956, 0.97, 0.94], ['DT', 0.942, 0.971, 0.912, 0.925, 0.94, 0.957, 0.956, 0.912, 0.91, 0.955, 0.942, 0.868, 0.926, 0.925, 0.91, 0.942, 0.897, 0.926, 0.925, 0.97, 0.928, 0.956, 0.897, 0.955, 0.925]]}}

------------------------------------------------------------
Sender: LSF System <lsfadmin@n3n2-11>
Subject: Job 643229: </share2/aagrawa8/miniconda2/bin/python2.7 run.py _test camel.csv> Done

Job </share2/aagrawa8/miniconda2/bin/python2.7 run.py _test camel.csv> was submitted from host <login02.hpc.ncsu.edu> by user <aagrawa8> in cluster <henry2>.
Job was executed on host(s) <8*n3n2-11>, in queue <single_chassis>, as user <aagrawa8> in cluster <henry2>.
</home/aagrawa8> was used as the home directory.
</home/aagrawa8/fss16591/project/code> was used as the working directory.
Started at Mon Nov 21 16:59:09 2016
Results reported at Mon Nov 21 17:09:07 2016

Your job looked like:

------------------------------------------------------------
# LSBATCH: User input
/share2/aagrawa8/miniconda2/bin/python2.7 run.py _test camel.csv
------------------------------------------------------------

Successfully completed.

Resource usage summary:

    CPU time   :    579.92 sec.
    Max Memory :        51 MB
    Max Swap   :       828 MB

    Max Processes  :         3
    Max Threads    :        11

The output (if any) is above this job summary.



PS:

Read file <./err/camel.csv.err.643229> for stderr output of this job.

