Recall

rank ,         name ,    med   ,  iqr 
----------------------------------------------------
   1 ,           NB ,    0.95  ,  0.02 (             --|*             ), 0.94,  0.95,  0.96
   2 ,           DT ,    0.98  ,  0.02 (               |     ---*     ), 0.97,  0.98,  0.99
   3 ,           LR ,    0.99  ,  0.01 (               |           *  ), 0.99,  0.99,  1.00
   4 ,          KNN ,    1.00  ,  0.00 (               |             *), 1.00,  1.00,  1.00
   4 ,          SVM ,    1.00  ,  0.01 (               |           --*), 0.99,  1.00,  1.00
   4 ,           RF ,    1.00  ,  0.00 (               |             *), 1.00,  1.00,  1.00

Precision

rank ,         name ,    med   ,  iqr 
----------------------------------------------------
   1 ,           NB ,    0.98  ,  0.01 (            --*|              ), 0.98,  0.98,  0.99
   1 ,           LR ,    0.98  ,  0.00 (              *|              ), 0.98,  0.98,  0.98
   1 ,           DT ,    0.98  ,  0.00 (              *|              ), 0.98,  0.98,  0.98
   1 ,          KNN ,    0.98  ,  0.00 (               *              ), 0.98,  0.98,  0.98
   1 ,          SVM ,    0.98  ,  0.00 (              -*              ), 0.98,  0.98,  0.98
   1 ,           RF ,    0.98  ,  0.00 (              -*              ), 0.98,  0.98,  0.98

F_score

rank ,         name ,    med   ,  iqr 
----------------------------------------------------
   1 ,           NB ,    0.96  ,  0.02 (            ---*              ), 0.96,  0.96,  0.97
   2 ,           DT ,    0.98  ,  0.01 (               |    --*       ), 0.97,  0.98,  0.98
   2 ,           LR ,    0.98  ,  0.01 (               |       -*     ), 0.98,  0.98,  0.99
   2 ,          SVM ,    0.98  ,  0.01 (               |        -*    ), 0.98,  0.98,  0.99
   2 ,          KNN ,    0.99  ,  0.00 (               |           *  ), 0.99,  0.99,  0.99
   2 ,           RF ,    0.99  ,  0.01 (               |         --*  ), 0.98,  0.99,  0.99

Accuracy

rank ,         name ,    med   ,  iqr 
----------------------------------------------------
   1 ,           NB ,    0.93  ,  0.03 (            ---*              ), 0.92,  0.93,  0.95
   2 ,           DT ,    0.96  ,  0.02 (               |   ---*       ), 0.95,  0.96,  0.97
   3 ,           LR ,    0.97  ,  0.02 (               |      --*     ), 0.96,  0.97,  0.98
   3 ,          SVM ,    0.97  ,  0.01 (               |        -*    ), 0.97,  0.97,  0.98
   4 ,          KNN ,    0.98  ,  0.00 (               |           *  ), 0.98,  0.98,  0.98
   4 ,           RF ,    0.98  ,  0.01 (               |         --*  ), 0.97,  0.98,  0.98

{'jedit': {'Recall': [['KNN', 1.0, 1.0, 1.0, 1.0, 1.0, 1.0, 1.0, 1.0, 1.0, 1.0, 1.0, 1.0, 1.0, 1.0, 1.0, 1.0, 1.0, 1.0, 1.0, 1.0, 1.0, 1.0, 1.0, 1.0, 1.0], ['SVM', 1.0, 0.99, 1.0, 1.0, 0.99, 0.99, 1.0, 0.969, 1.0, 0.99, 1.0, 1.0, 0.99, 1.0, 1.0, 0.979, 1.0, 0.979, 0.979, 1.0, 1.0, 1.0, 1.0, 0.99, 0.969], ['NB', 0.979, 0.979, 0.938, 0.917, 0.927, 0.918, 0.958, 0.938, 0.896, 0.958, 0.938, 0.958, 0.958, 0.958, 0.938, 0.948, 0.885, 0.958, 0.906, 0.99, 0.948, 0.948, 0.958, 0.948, 0.948], ['RF', 1.0, 1.0, 1.0, 1.0, 0.99, 1.0, 1.0, 0.99, 1.0, 1.0, 1.0, 1.0, 1.0, 1.0, 1.0, 0.99, 1.0, 1.0, 0.99, 1.0, 1.0, 1.0, 1.0, 1.0, 0.99], ['LR', 1.0, 0.979, 1.0, 0.99, 0.979, 0.979, 1.0, 0.979, 1.0, 0.99, 0.99, 1.0, 0.99, 1.0, 0.99, 0.979, 1.0, 0.99, 1.0, 1.0, 0.99, 1.0, 1.0, 1.0, 0.979], ['DT', 1.0, 1.0, 0.958, 0.927, 0.969, 0.959, 0.99, 1.0, 0.979, 0.99, 0.979, 0.979, 0.969, 0.979, 1.0, 0.969, 0.979, 1.0, 0.969, 1.0, 0.99, 0.979, 0.99, 0.969, 0.979]], 'Precision': [['KNN', 0.97, 0.98, 0.98, 0.98, 0.98, 0.97, 0.98, 0.98, 0.98, 0.98, 0.97, 0.98, 0.98, 0.98, 0.98, 0.97, 0.98, 0.98, 0.98, 0.98, 0.97, 0.98, 0.98, 0.98, 0.98], ['SVM', 0.97, 0.979, 0.98, 0.98, 0.979, 0.98, 0.98, 0.989, 0.98, 0.979, 0.97, 0.98, 0.979, 0.98, 0.98, 0.969, 0.98, 0.979, 0.979, 0.98, 0.97, 0.98, 0.98, 0.979, 0.979], ['NB', 0.979, 0.979, 0.989, 0.989, 0.978, 0.978, 0.989, 0.989, 0.977, 0.979, 0.978, 0.989, 0.979, 0.989, 0.978, 0.989, 0.977, 0.989, 0.978, 0.979, 0.979, 0.978, 0.989, 0.989, 0.978], ['RF', 0.97, 0.98, 0.98, 0.98, 0.979, 0.97, 0.98, 0.979, 0.98, 0.98, 0.97, 0.98, 0.98, 0.98, 0.98, 0.97, 0.98, 0.98, 0.979, 0.98, 0.97, 0.98, 0.98, 0.98, 0.979], ['LR', 0.97, 0.979, 0.98, 0.979, 0.979, 0.979, 0.98, 0.979, 0.98, 0.979, 0.97, 0.98, 0.979, 0.99, 0.979, 0.979, 0.98, 0.979, 0.98, 0.98, 0.97, 0.98, 0.98, 0.98, 0.979], ['DT', 0.97, 0.98, 0.979, 0.978, 0.979, 0.969, 0.979, 0.98, 0.979, 0.979, 0.969, 0.979, 0.979, 0.979, 0.98, 0.979, 0.979, 0.98, 0.979, 0.98, 0.97, 0.979, 0.979, 0.979, 0.979]], 'F_score': [['KNN', 0.985, 0.99, 0.99, 0.99, 0.99, 0.985, 0.99, 0.99, 0.99, 0.99, 0.985, 0.99, 0.99, 0.99, 0.99, 0.985, 0.99, 0.99, 0.99, 0.99, 0.985, 0.99, 0.99, 0.99, 0.99], ['SVM', 0.985, 0.984, 0.99, 0.99, 0.984, 0.985, 0.99, 0.979, 0.99, 0.984, 0.985, 0.99, 0.984, 0.99, 0.99, 0.974, 0.99, 0.979, 0.979, 0.99, 0.985, 0.99, 0.99, 0.984, 0.974], ['NB', 0.979, 0.979, 0.963, 0.951, 0.952, 0.947, 0.974, 0.963, 0.935, 0.968, 0.958, 0.974, 0.968, 0.974, 0.957, 0.968, 0.929, 0.974, 0.941, 0.984, 0.963, 0.963, 0.974, 0.968, 0.963], ['RF', 0.985, 0.99, 0.99, 0.99, 0.984, 0.985, 0.99, 0.984, 0.99, 0.99, 0.985, 0.99, 0.99, 0.99, 0.99, 0.98, 0.99, 0.99, 0.984, 0.99, 0.985, 0.99, 0.99, 0.99, 0.984], ['LR', 0.985, 0.979, 0.99, 0.984, 0.979, 0.979, 0.99, 0.979, 0.99, 0.984, 0.98, 0.99, 0.984, 0.995, 0.984, 0.979, 0.99, 0.984, 0.99, 0.99, 0.98, 0.99, 0.99, 0.99, 0.979], ['DT', 0.985, 0.99, 0.968, 0.952, 0.974, 0.964, 0.984, 0.99, 0.979, 0.984, 0.974, 0.979, 0.974, 0.979, 0.99, 0.974, 0.979, 0.99, 0.974, 0.99, 0.98, 0.979, 0.984, 0.974, 0.979]], 'Accuracy': [['KNN', 0.97, 0.98, 0.98, 0.98, 0.98, 0.97, 0.98, 0.98, 0.98, 0.98, 0.97, 0.98, 0.98, 0.98, 0.98, 0.97, 0.98, 0.98, 0.98, 0.98, 0.97, 0.98, 0.98, 0.98, 0.98], ['SVM', 0.97, 0.969, 0.98, 0.98, 0.969, 0.97, 0.98, 0.959, 0.98, 0.969, 0.97, 0.98, 0.969, 0.98, 0.98, 0.95, 0.98, 0.959, 0.959, 0.98, 0.97, 0.98, 0.98, 0.969, 0.949], ['NB', 0.96, 0.959, 0.929, 0.908, 0.908, 0.9, 0.949, 0.929, 0.878, 0.939, 0.92, 0.949, 0.939, 0.949, 0.918, 0.94, 0.867, 0.949, 0.888, 0.969, 0.93, 0.929, 0.949, 0.939, 0.929], ['RF', 0.97, 0.98, 0.98, 0.98, 0.969, 0.97, 0.98, 0.969, 0.98, 0.98, 0.97, 0.98, 0.98, 0.98, 0.98, 0.96, 0.98, 0.98, 0.969, 0.98, 0.97, 0.98, 0.98, 0.98, 0.969], ['LR', 0.97, 0.959, 0.98, 0.969, 0.959, 0.96, 0.98, 0.959, 0.98, 0.969, 0.96, 0.98, 0.969, 0.99, 0.969, 0.96, 0.98, 0.969, 0.98, 0.98, 0.96, 0.98, 0.98, 0.98, 0.959], ['DT', 0.97, 0.98, 0.939, 0.908, 0.949, 0.93, 0.969, 0.98, 0.959, 0.969, 0.95, 0.959, 0.949, 0.959, 0.98, 0.95, 0.959, 0.98, 0.949, 0.98, 0.96, 0.959, 0.969, 0.949, 0.959]]}}

------------------------------------------------------------
Sender: LSF System <lsfadmin@n3n3-1>
Subject: Job 643231: </share2/aagrawa8/miniconda2/bin/python2.7 run.py _test jedit.csv> Done

Job </share2/aagrawa8/miniconda2/bin/python2.7 run.py _test jedit.csv> was submitted from host <login02.hpc.ncsu.edu> by user <aagrawa8> in cluster <henry2>.
Job was executed on host(s) <8*n3n3-1>, in queue <single_chassis>, as user <aagrawa8> in cluster <henry2>.
</home/aagrawa8> was used as the home directory.
</home/aagrawa8/fss16591/project/code> was used as the working directory.
Started at Mon Nov 21 16:59:09 2016
Results reported at Mon Nov 21 17:40:47 2016

Your job looked like:

------------------------------------------------------------
# LSBATCH: User input
/share2/aagrawa8/miniconda2/bin/python2.7 run.py _test jedit.csv
------------------------------------------------------------

Successfully completed.

Resource usage summary:

    CPU time   :   2480.62 sec.
    Max Memory :        51 MB
    Max Swap   :       828 MB

    Max Processes  :         3
    Max Threads    :        11

The output (if any) is above this job summary.



PS:

Read file <./err/jedit.csv.err.643231> for stderr output of this job.

