Recall

rank ,         name ,    med   ,  iqr 
----------------------------------------------------
   1 ,           NB ,    0.90  ,  0.02 (         --*   |              ), 0.89,  0.90,  0.91
   2 ,           DT ,    0.94  ,  0.03 (              -|---*          ), 0.92,  0.94,  0.95
   3 ,          SVM ,    0.99  ,  0.01 (               |          -*  ), 0.98,  0.99,  0.99
   3 ,           RF ,    0.99  ,  0.01 (               |          -*  ), 0.98,  0.99,  0.99
   3 ,           LR ,    0.99  ,  0.02 (               |         --*  ), 0.97,  0.99,  0.99
   3 ,          KNN ,    0.99  ,  0.01 (               |           -* ), 0.99,  0.99,  1.00

Precision

rank ,         name ,    med   ,  iqr 
----------------------------------------------------
   1 ,          KNN ,    0.91  ,  0.00 ( -*            |              ), 0.91,  0.91,  0.91
   1 ,           RF ,    0.92  ,  0.01 (   --*         |              ), 0.91,  0.92,  0.92
   1 ,           LR ,    0.92  ,  0.01 (     ---*      |              ), 0.92,  0.92,  0.93
   1 ,          SVM ,    0.92  ,  0.01 (        *      |              ), 0.92,  0.92,  0.93
   1 ,           DT ,    0.93  ,  0.01 (       --*     |              ), 0.92,  0.93,  0.93
   1 ,           NB ,    0.93  ,  0.02 (           ---*|              ), 0.93,  0.93,  0.95

F_score

rank ,         name ,    med   ,  iqr 
----------------------------------------------------
   1 ,           NB ,    0.92  ,  0.01 (           --* |              ), 0.91,  0.92,  0.93
   1 ,           DT ,    0.93  ,  0.02 (             --|--*           ), 0.92,  0.93,  0.94
   2 ,          KNN ,    0.95  ,  0.00 (               |       -*     ), 0.95,  0.95,  0.95
   2 ,           RF ,    0.95  ,  0.01 (               |       -*     ), 0.95,  0.95,  0.95
   2 ,           LR ,    0.95  ,  0.01 (               |       --*    ), 0.95,  0.95,  0.95
   2 ,          SVM ,    0.95  ,  0.01 (               |        -*    ), 0.95,  0.95,  0.96

Accuracy

rank ,         name ,    med   ,  iqr 
----------------------------------------------------
   1 ,           NB ,    0.85  ,  0.02 (           -*  |              ), 0.85,  0.85,  0.87
   2 ,           DT ,    0.88  ,  0.02 (            ---|-*            ), 0.85,  0.88,  0.88
   3 ,          KNN ,    0.91  ,  0.01 (               |      -*      ), 0.90,  0.91,  0.91
   3 ,           RF ,    0.91  ,  0.01 (               |      -*      ), 0.90,  0.91,  0.91
   3 ,           LR ,    0.91  ,  0.01 (               |       -*     ), 0.91,  0.91,  0.91
   3 ,          SVM ,    0.91  ,  0.01 (               |       --*    ), 0.91,  0.91,  0.92

{'tomcat': {'Recall': [['KNN', 0.981, 0.981, 1.0, 1.0, 0.994, 1.0, 0.987, 0.994, 1.0, 0.994, 1.0, 1.0, 1.0, 0.974, 0.994, 0.994, 1.0, 0.987, 0.994, 0.981, 0.994, 1.0, 0.994, 0.987, 0.987], ['SVM', 0.994, 0.987, 0.955, 0.981, 0.994, 1.0, 1.0, 0.981, 0.968, 0.994, 0.987, 0.981, 0.981, 0.962, 0.994, 0.981, 0.981, 0.994, 0.987, 0.962, 0.981, 0.987, 0.994, 0.987, 0.981], ['NB', 0.911, 0.878, 0.91, 0.878, 0.91, 0.885, 0.904, 0.872, 0.91, 0.942, 0.898, 0.904, 0.904, 0.897, 0.917, 0.904, 0.891, 0.91, 0.923, 0.885, 0.904, 0.923, 0.91, 0.84, 0.897], ['RF', 0.987, 0.987, 0.974, 0.974, 0.981, 0.981, 0.994, 0.974, 0.981, 0.987, 0.968, 0.981, 1.0, 0.974, 1.0, 0.994, 0.974, 0.987, 1.0, 0.987, 0.987, 0.981, 0.981, 0.994, 0.987], ['LR', 0.994, 0.994, 0.955, 0.962, 0.994, 0.981, 0.994, 0.987, 0.968, 0.987, 0.987, 0.968, 0.987, 0.968, 0.987, 1.0, 0.981, 0.987, 0.994, 0.968, 0.987, 0.987, 0.981, 0.974, 0.994], ['DT', 0.917, 0.949, 0.923, 0.885, 0.949, 0.904, 0.962, 0.885, 0.942, 0.955, 0.879, 0.942, 0.936, 0.936, 0.949, 0.943, 0.949, 0.923, 0.962, 0.949, 0.873, 0.942, 0.942, 0.897, 0.949]], 'Precision': [['KNN', 0.911, 0.905, 0.912, 0.912, 0.912, 0.908, 0.911, 0.912, 0.912, 0.912, 0.908, 0.907, 0.912, 0.91, 0.912, 0.907, 0.907, 0.911, 0.912, 0.911, 0.907, 0.907, 0.917, 0.917, 0.911], ['SVM', 0.912, 0.922, 0.925, 0.933, 0.923, 0.935, 0.918, 0.927, 0.926, 0.923, 0.923, 0.911, 0.922, 0.926, 0.934, 0.933, 0.922, 0.923, 0.922, 0.932, 0.928, 0.933, 0.939, 0.917, 0.911], ['NB', 0.935, 0.913, 0.934, 0.951, 0.966, 0.952, 0.94, 0.944, 0.928, 0.925, 0.928, 0.934, 0.928, 0.933, 0.966, 0.928, 0.933, 0.947, 0.923, 0.958, 0.947, 0.941, 0.947, 0.929, 0.921], ['RF', 0.917, 0.906, 0.921, 0.91, 0.922, 0.911, 0.928, 0.927, 0.922, 0.917, 0.921, 0.911, 0.923, 0.933, 0.918, 0.912, 0.91, 0.917, 0.929, 0.922, 0.917, 0.916, 0.933, 0.917, 0.911], ['LR', 0.912, 0.917, 0.925, 0.938, 0.934, 0.928, 0.912, 0.933, 0.921, 0.922, 0.923, 0.91, 0.922, 0.926, 0.933, 0.913, 0.916, 0.922, 0.923, 0.938, 0.917, 0.939, 0.927, 0.916, 0.912], ['DT', 0.917, 0.914, 0.941, 0.92, 0.943, 0.934, 0.92, 0.932, 0.925, 0.92, 0.926, 0.919, 0.924, 0.93, 0.919, 0.937, 0.931, 0.923, 0.909, 0.961, 0.932, 0.925, 0.925, 0.921, 0.919]], 'F_score': [['KNN', 0.945, 0.942, 0.954, 0.954, 0.951, 0.952, 0.948, 0.951, 0.954, 0.951, 0.952, 0.951, 0.954, 0.941, 0.951, 0.948, 0.951, 0.948, 0.951, 0.944, 0.948, 0.951, 0.954, 0.951, 0.948], ['SVM', 0.951, 0.954, 0.94, 0.956, 0.957, 0.966, 0.957, 0.953, 0.947, 0.957, 0.954, 0.944, 0.95, 0.943, 0.963, 0.957, 0.95, 0.957, 0.954, 0.946, 0.954, 0.96, 0.966, 0.951, 0.944], ['NB', 0.923, 0.895, 0.922, 0.913, 0.937, 0.917, 0.922, 0.907, 0.919, 0.933, 0.913, 0.919, 0.916, 0.915, 0.941, 0.916, 0.911, 0.928, 0.923, 0.92, 0.925, 0.932, 0.928, 0.882, 0.909], ['RF', 0.951, 0.945, 0.947, 0.941, 0.95, 0.945, 0.96, 0.95, 0.95, 0.951, 0.944, 0.944, 0.96, 0.953, 0.957, 0.951, 0.941, 0.951, 0.963, 0.954, 0.951, 0.947, 0.956, 0.954, 0.948], ['LR', 0.951, 0.954, 0.94, 0.949, 0.963, 0.954, 0.951, 0.96, 0.944, 0.954, 0.954, 0.938, 0.954, 0.947, 0.96, 0.954, 0.947, 0.954, 0.957, 0.953, 0.951, 0.963, 0.953, 0.944, 0.951], ['DT', 0.917, 0.931, 0.932, 0.902, 0.946, 0.919, 0.94, 0.908, 0.933, 0.937, 0.902, 0.93, 0.93, 0.933, 0.934, 0.94, 0.94, 0.923, 0.935, 0.955, 0.901, 0.933, 0.933, 0.909, 0.934]], 'Accuracy': [['KNN', 0.896, 0.89, 0.912, 0.912, 0.906, 0.908, 0.901, 0.906, 0.912, 0.906, 0.908, 0.907, 0.912, 0.889, 0.906, 0.902, 0.907, 0.901, 0.906, 0.895, 0.902, 0.907, 0.912, 0.906, 0.901], ['SVM', 0.908, 0.913, 0.889, 0.918, 0.918, 0.936, 0.919, 0.912, 0.901, 0.918, 0.913, 0.895, 0.906, 0.895, 0.93, 0.919, 0.907, 0.918, 0.912, 0.901, 0.913, 0.924, 0.936, 0.906, 0.895], ['NB', 0.861, 0.814, 0.86, 0.848, 0.889, 0.855, 0.86, 0.836, 0.854, 0.877, 0.844, 0.855, 0.848, 0.848, 0.895, 0.85, 0.843, 0.871, 0.86, 0.86, 0.867, 0.878, 0.871, 0.795, 0.836], ['RF', 0.908, 0.895, 0.901, 0.889, 0.906, 0.896, 0.924, 0.906, 0.906, 0.906, 0.896, 0.895, 0.924, 0.912, 0.918, 0.908, 0.89, 0.906, 0.93, 0.912, 0.908, 0.901, 0.918, 0.912, 0.901], ['LR', 0.908, 0.913, 0.889, 0.906, 0.93, 0.913, 0.907, 0.924, 0.895, 0.912, 0.913, 0.884, 0.912, 0.901, 0.924, 0.913, 0.901, 0.912, 0.918, 0.912, 0.908, 0.93, 0.912, 0.895, 0.906], ['DT', 0.85, 0.872, 0.877, 0.825, 0.901, 0.855, 0.89, 0.836, 0.877, 0.883, 0.827, 0.872, 0.871, 0.877, 0.877, 0.89, 0.89, 0.86, 0.877, 0.918, 0.827, 0.878, 0.877, 0.836, 0.877]]}}

------------------------------------------------------------
Sender: LSF System <lsfadmin@n3n3-12>
Subject: Job 643237: </share2/aagrawa8/miniconda2/bin/python2.7 run.py _test tomcat.csv> Done

Job </share2/aagrawa8/miniconda2/bin/python2.7 run.py _test tomcat.csv> was submitted from host <login02.hpc.ncsu.edu> by user <aagrawa8> in cluster <henry2>.
Job was executed on host(s) <8*n3n3-12>, in queue <single_chassis>, as user <aagrawa8> in cluster <henry2>.
</home/aagrawa8> was used as the home directory.
</home/aagrawa8/fss16591/project/code> was used as the working directory.
Started at Mon Nov 21 16:59:09 2016
Results reported at Mon Nov 21 20:52:36 2016

Your job looked like:

------------------------------------------------------------
# LSBATCH: User input
/share2/aagrawa8/miniconda2/bin/python2.7 run.py _test tomcat.csv
------------------------------------------------------------

Successfully completed.

Resource usage summary:

    CPU time   :  13994.29 sec.
    Max Memory :        51 MB
    Max Swap   :       830 MB

    Max Processes  :         3
    Max Threads    :        11

The output (if any) is above this job summary.



PS:

Read file <./err/tomcat.csv.err.643237> for stderr output of this job.

