Recall

rank ,         name ,    med   ,  iqr 
----------------------------------------------------
   1 ,           DT ,    0.73  ,  0.10 (       -----*  |              ), 0.67,  0.73,  0.77
   2 ,           RF ,    0.84  ,  0.07 (               |  -*          ), 0.83,  0.84,  0.90
   2 ,          KNN ,    0.87  ,  0.10 (               |  ---*        ), 0.83,  0.87,  0.93
   2 ,          SVM ,    0.87  ,  0.07 (               |  ---*        ), 0.83,  0.87,  0.90
   2 ,           NB ,    0.90  ,  0.07 (               |     --*      ), 0.87,  0.90,  0.93
   2 ,           LR ,    0.90  ,  0.10 (               |  -----*      ), 0.83,  0.90,  0.93

Precision

rank ,         name ,    med   ,  iqr 
----------------------------------------------------
   1 ,          KNN ,    0.70  ,  0.04 (    ----*      |              ), 0.68,  0.70,  0.72
   1 ,           NB ,    0.72  ,  0.05 (     -----*    |              ), 0.68,  0.72,  0.74
   2 ,           DT ,    0.73  ,  0.06 (         ---*  |              ), 0.71,  0.73,  0.77
   2 ,           RF ,    0.76  ,  0.06 (            ---|*             ), 0.73,  0.76,  0.79
   2 ,          SVM ,    0.76  ,  0.06 (           ----|*             ), 0.72,  0.76,  0.79
   2 ,           LR ,    0.77  ,  0.05 (            ---|--*           ), 0.73,  0.77,  0.78

F_score

rank ,         name ,    med   ,  iqr 
----------------------------------------------------
   1 ,           DT ,    0.73  ,  0.08 (       ----*   |              ), 0.69,  0.73,  0.77
   2 ,          KNN ,    0.78  ,  0.06 (            ---|-*            ), 0.74,  0.78,  0.80
   2 ,           NB ,    0.79  ,  0.05 (               |-*            ), 0.77,  0.79,  0.82
   3 ,           RF ,    0.81  ,  0.03 (               |---*          ), 0.78,  0.81,  0.81
   3 ,          SVM ,    0.81  ,  0.04 (               | --*          ), 0.79,  0.81,  0.82
   3 ,           LR ,    0.82  ,  0.04 (               |  ---*        ), 0.79,  0.82,  0.84

Accuracy

rank ,         name ,    med   ,  iqr 
----------------------------------------------------
   1 ,           DT ,    0.65  ,  0.11 (   ------*     |              ), 0.59,  0.65,  0.70
   1 ,          KNN ,    0.67  ,  0.09 (      -----*   |              ), 0.62,  0.67,  0.71
   1 ,           NB ,    0.70  ,  0.08 (        -----* |              ), 0.64,  0.70,  0.72
   2 ,           RF ,    0.72  ,  0.05 (            ---*              ), 0.69,  0.72,  0.74
   2 ,          SVM ,    0.73  ,  0.06 (             --|*             ), 0.70,  0.73,  0.76
   2 ,           LR ,    0.74  ,  0.06 (              -|-*            ), 0.71,  0.74,  0.77

{'velocity': {'Recall': [['KNN', 0.968, 0.867, 0.767, 0.933, 0.8, 1.0, 0.867, 0.8, 0.967, 0.833, 0.968, 0.833, 0.867, 0.933, 0.833, 0.903, 1.0, 0.833, 0.8, 0.9, 0.935, 0.7, 0.833, 0.867, 0.867], ['SVM', 0.968, 0.8, 0.9, 0.867, 0.833, 0.839, 0.867, 0.933, 0.9, 0.8, 0.968, 0.833, 0.933, 0.9, 0.8, 0.935, 0.867, 0.8, 0.867, 0.867, 0.871, 0.767, 0.9, 0.833, 0.967], ['NB', 0.968, 0.933, 0.8, 0.9, 0.9, 0.871, 0.9, 0.867, 0.967, 0.867, 0.935, 0.9, 0.933, 0.9, 0.867, 0.935, 0.833, 0.933, 0.933, 0.867, 0.903, 0.933, 0.867, 0.867, 0.867], ['RF', 0.968, 0.9, 0.833, 0.933, 0.733, 0.742, 0.933, 0.733, 0.967, 0.733, 0.806, 0.833, 0.933, 0.9, 0.833, 0.839, 0.833, 0.833, 0.9, 0.867, 0.839, 0.733, 0.9, 0.867, 0.833], ['LR', 0.968, 0.8, 0.9, 0.967, 0.833, 0.839, 0.9, 0.933, 0.9, 0.8, 0.968, 0.833, 0.933, 0.933, 0.767, 0.935, 0.933, 0.8, 0.867, 0.867, 0.871, 0.833, 0.9, 0.9, 0.967], ['DT', 0.806, 0.867, 0.733, 0.8, 0.633, 0.548, 0.6, 0.733, 0.667, 0.633, 0.71, 0.6, 0.767, 0.733, 0.767, 0.71, 0.867, 0.767, 0.733, 0.767, 0.774, 0.6, 0.667, 0.7, 0.867]], 'Precision': [['KNN', 0.682, 0.703, 0.676, 0.718, 0.686, 0.721, 0.65, 0.667, 0.707, 0.758, 0.75, 0.658, 0.722, 0.8, 0.641, 0.7, 0.75, 0.694, 0.706, 0.711, 0.674, 0.677, 0.676, 0.722, 0.703], ['SVM', 0.698, 0.706, 0.794, 0.765, 0.806, 0.788, 0.743, 0.737, 0.73, 0.774, 0.811, 0.676, 0.848, 0.818, 0.706, 0.763, 0.722, 0.75, 0.788, 0.788, 0.75, 0.767, 0.711, 0.781, 0.725], ['NB', 0.769, 0.651, 0.75, 0.675, 0.73, 0.711, 0.692, 0.765, 0.707, 0.722, 0.725, 0.675, 0.757, 0.73, 0.667, 0.725, 0.676, 0.683, 0.778, 0.684, 0.718, 0.737, 0.667, 0.743, 0.684], ['RF', 0.833, 0.73, 0.758, 0.718, 0.759, 0.697, 0.737, 0.733, 0.853, 0.759, 0.806, 0.714, 0.737, 0.794, 0.735, 0.788, 0.781, 0.781, 0.844, 0.722, 0.765, 0.815, 0.73, 0.743, 0.758], ['LR', 0.75, 0.706, 0.794, 0.784, 0.781, 0.788, 0.73, 0.718, 0.771, 0.774, 0.857, 0.641, 0.848, 0.778, 0.676, 0.744, 0.737, 0.75, 0.813, 0.788, 0.73, 0.781, 0.692, 0.771, 0.725], ['DT', 0.758, 0.722, 0.733, 0.774, 0.679, 0.708, 0.692, 0.647, 0.769, 0.731, 0.733, 0.692, 0.767, 0.815, 0.676, 0.759, 0.813, 0.767, 0.815, 0.719, 0.727, 0.72, 0.833, 0.677, 0.788]], 'F_score': [['KNN', 0.8, 0.776, 0.719, 0.812, 0.738, 0.838, 0.743, 0.727, 0.817, 0.794, 0.845, 0.735, 0.788, 0.862, 0.725, 0.789, 0.857, 0.758, 0.75, 0.794, 0.784, 0.689, 0.746, 0.788, 0.776], ['SVM', 0.811, 0.75, 0.844, 0.813, 0.82, 0.813, 0.8, 0.824, 0.806, 0.787, 0.882, 0.746, 0.889, 0.857, 0.75, 0.841, 0.788, 0.774, 0.825, 0.825, 0.806, 0.767, 0.794, 0.806, 0.829], ['NB', 0.857, 0.767, 0.774, 0.771, 0.806, 0.783, 0.783, 0.813, 0.817, 0.788, 0.817, 0.771, 0.836, 0.806, 0.754, 0.817, 0.746, 0.789, 0.848, 0.765, 0.8, 0.824, 0.754, 0.8, 0.765], ['RF', 0.896, 0.806, 0.794, 0.812, 0.746, 0.719, 0.824, 0.733, 0.906, 0.746, 0.806, 0.769, 0.824, 0.844, 0.781, 0.813, 0.806, 0.806, 0.871, 0.788, 0.8, 0.772, 0.806, 0.8, 0.794], ['LR', 0.845, 0.75, 0.844, 0.866, 0.806, 0.813, 0.806, 0.812, 0.831, 0.787, 0.909, 0.725, 0.889, 0.848, 0.719, 0.829, 0.824, 0.774, 0.839, 0.825, 0.794, 0.806, 0.783, 0.831, 0.829], ['DT', 0.781, 0.788, 0.733, 0.787, 0.655, 0.618, 0.643, 0.688, 0.714, 0.679, 0.721, 0.643, 0.767, 0.772, 0.719, 0.733, 0.839, 0.767, 0.772, 0.742, 0.75, 0.655, 0.741, 0.689, 0.825]], 'Accuracy': [['KNN', 0.681, 0.674, 0.609, 0.711, 0.622, 0.745, 0.609, 0.609, 0.711, 0.711, 0.766, 0.609, 0.696, 0.8, 0.578, 0.681, 0.783, 0.652, 0.644, 0.689, 0.66, 0.587, 0.63, 0.689, 0.667], ['SVM', 0.702, 0.652, 0.783, 0.733, 0.756, 0.745, 0.717, 0.739, 0.711, 0.711, 0.83, 0.63, 0.848, 0.8, 0.644, 0.766, 0.696, 0.696, 0.756, 0.756, 0.723, 0.696, 0.696, 0.733, 0.733], ['NB', 0.787, 0.63, 0.696, 0.644, 0.711, 0.681, 0.674, 0.739, 0.711, 0.689, 0.723, 0.652, 0.761, 0.711, 0.622, 0.723, 0.63, 0.674, 0.778, 0.644, 0.702, 0.739, 0.63, 0.711, 0.644], ['RF', 0.851, 0.717, 0.717, 0.711, 0.667, 0.617, 0.739, 0.652, 0.867, 0.667, 0.745, 0.674, 0.739, 0.778, 0.689, 0.745, 0.739, 0.739, 0.822, 0.689, 0.723, 0.717, 0.717, 0.711, 0.711], ['LR', 0.766, 0.652, 0.783, 0.8, 0.733, 0.745, 0.717, 0.717, 0.756, 0.711, 0.872, 0.587, 0.848, 0.778, 0.6, 0.745, 0.739, 0.696, 0.778, 0.756, 0.702, 0.739, 0.674, 0.756, 0.733], ['DT', 0.702, 0.696, 0.652, 0.711, 0.556, 0.553, 0.565, 0.565, 0.644, 0.6, 0.638, 0.565, 0.696, 0.711, 0.6, 0.66, 0.783, 0.696, 0.711, 0.644, 0.66, 0.587, 0.696, 0.578, 0.756]]}}

------------------------------------------------------------
Sender: LSF System <lsfadmin@n3n3-13>
Subject: Job 643238: </share2/aagrawa8/miniconda2/bin/python2.7 run.py _test velocity.csv> Done

Job </share2/aagrawa8/miniconda2/bin/python2.7 run.py _test velocity.csv> was submitted from host <login02.hpc.ncsu.edu> by user <aagrawa8> in cluster <henry2>.
Job was executed on host(s) <8*n3n3-13>, in queue <single_chassis>, as user <aagrawa8> in cluster <henry2>.
</home/aagrawa8> was used as the home directory.
</home/aagrawa8/fss16591/project/code> was used as the working directory.
Started at Mon Nov 21 16:59:09 2016
Results reported at Mon Nov 21 17:05:42 2016

Your job looked like:

------------------------------------------------------------
# LSBATCH: User input
/share2/aagrawa8/miniconda2/bin/python2.7 run.py _test velocity.csv
------------------------------------------------------------

Successfully completed.

Resource usage summary:

    CPU time   :    374.93 sec.
    Max Memory :        48 MB
    Max Swap   :       828 MB

    Max Processes  :         3
    Max Threads    :        11

The output (if any) is above this job summary.



PS:

Read file <./err/velocity.csv.err.643238> for stderr output of this job.

