Recall

rank ,         name ,    med   ,  iqr 
----------------------------------------------------
   1 ,          KNN ,    0.63  ,  0.12 (        ---*   |              ), 0.58,  0.63,  0.70
   2 ,          SVM ,    0.80  ,  0.13 (               |  --*         ), 0.77,  0.80,  0.90
   2 ,           LR ,    0.80  ,  0.07 (               |----*         ), 0.73,  0.80,  0.80
   2 ,           DT ,    0.80  ,  0.10 (               |  --*         ), 0.77,  0.80,  0.87
   2 ,           RF ,    0.81  ,  0.13 (               |  --*         ), 0.77,  0.81,  0.90
   3 ,           NB ,    0.87  ,  0.07 (               |        *     ), 0.87,  0.87,  0.93

Precision

rank ,         name ,    med   ,  iqr 
----------------------------------------------------
   1 ,           NB ,    0.43  ,  0.04 ( --*           |              ), 0.40,  0.43,  0.44
   2 ,          KNN ,    0.74  ,  0.06 (               | -*           ), 0.71,  0.74,  0.77
   3 ,           LR ,    0.79  ,  0.11 (               | ----*        ), 0.72,  0.79,  0.83
   3 ,          SVM ,    0.79  ,  0.11 (               |  ---*        ), 0.73,  0.79,  0.84
   3 ,           DT ,    0.82  ,  0.10 (               |  ----*       ), 0.74,  0.82,  0.85
   4 ,           RF ,    0.89  ,  0.06 (               |        --*   ), 0.85,  0.89,  0.91

F_score

rank ,         name ,    med   ,  iqr 
----------------------------------------------------
   1 ,           NB ,    0.58  ,  0.04 (     -*        |              ), 0.56,  0.58,  0.59
   2 ,          KNN ,    0.70  ,  0.09 (          ----*|              ), 0.63,  0.70,  0.73
   3 ,          SVM ,    0.79  ,  0.09 (               |  --*         ), 0.76,  0.79,  0.86
   3 ,           LR ,    0.79  ,  0.06 (               | ---*         ), 0.75,  0.79,  0.81
   3 ,           DT ,    0.80  ,  0.08 (               |  ---*        ), 0.77,  0.80,  0.85
   4 ,           RF ,    0.84  ,  0.07 (               |     --*      ), 0.81,  0.84,  0.88

Accuracy

rank ,         name ,    med   ,  iqr 
----------------------------------------------------
   1 ,           NB ,    0.67  ,  0.06 (  ---*         |              ), 0.62,  0.67,  0.68
   2 ,          KNN ,    0.85  ,  0.03 (               |   -*         ), 0.84,  0.85,  0.87
   3 ,          SVM ,    0.89  ,  0.04 (               |       *      ), 0.88,  0.89,  0.92
   3 ,           LR ,    0.89  ,  0.03 (               |      -*      ), 0.87,  0.89,  0.90
   3 ,           DT ,    0.90  ,  0.04 (               |       -*     ), 0.88,  0.90,  0.92
   4 ,           RF ,    0.92  ,  0.03 (               |         -*   ), 0.91,  0.92,  0.94

{'xerces': {'Recall': [['KNN', 0.645, 0.633, 0.6, 0.5, 0.8, 0.581, 0.733, 0.667, 0.633, 0.533, 0.548, 0.667, 0.7, 0.667, 0.7, 0.742, 0.633, 0.533, 0.6, 0.633, 0.677, 0.567, 0.7, 0.433, 0.7], ['SVM', 0.71, 0.8, 0.9, 0.8, 0.933, 0.935, 0.9, 0.733, 0.833, 0.667, 0.774, 0.8, 0.9, 0.767, 0.8, 0.968, 0.733, 0.767, 0.833, 0.733, 0.742, 0.933, 0.8, 0.8, 0.833], ['NB', 0.806, 0.967, 0.867, 0.867, 0.933, 0.903, 0.9, 0.867, 0.967, 0.9, 0.839, 0.9, 0.933, 0.9, 0.867, 0.935, 0.833, 0.867, 0.867, 0.967, 0.871, 0.933, 0.867, 0.833, 0.867], ['RF', 0.742, 0.767, 0.833, 0.767, 0.933, 0.903, 0.9, 0.767, 0.867, 0.633, 0.742, 0.8, 0.9, 0.8, 0.833, 0.968, 0.667, 0.9, 0.8, 0.767, 0.806, 0.9, 0.833, 0.767, 0.833], ['LR', 0.677, 0.8, 0.767, 0.767, 0.9, 0.903, 0.8, 0.733, 0.833, 0.667, 0.742, 0.8, 0.8, 0.8, 0.7, 0.903, 0.733, 0.733, 0.8, 0.733, 0.742, 0.933, 0.8, 0.8, 0.867], ['DT', 0.774, 0.833, 0.867, 0.733, 0.967, 0.871, 0.867, 0.8, 0.9, 0.7, 0.71, 0.8, 0.967, 0.767, 0.833, 0.903, 0.733, 0.8, 0.767, 0.8, 0.742, 0.867, 0.833, 0.767, 0.767]], 'Precision': [['KNN', 0.833, 0.731, 0.72, 0.625, 0.774, 0.643, 0.71, 0.769, 0.76, 0.762, 0.63, 0.741, 0.808, 0.741, 0.808, 0.742, 0.792, 0.762, 0.667, 0.633, 0.875, 0.739, 0.875, 0.52, 0.75], ['SVM', 0.733, 0.727, 0.9, 0.75, 0.8, 0.763, 0.871, 0.733, 0.806, 0.833, 0.706, 0.706, 0.844, 0.793, 0.923, 0.698, 0.846, 0.885, 0.833, 0.786, 0.793, 0.824, 0.774, 0.727, 0.893], ['NB', 0.439, 0.397, 0.433, 0.448, 0.4, 0.384, 0.422, 0.433, 0.433, 0.551, 0.4, 0.443, 0.438, 0.397, 0.433, 0.439, 0.373, 0.448, 0.426, 0.426, 0.409, 0.452, 0.388, 0.373, 0.531], ['RF', 0.793, 0.885, 0.893, 0.767, 0.903, 0.848, 0.871, 0.885, 0.897, 0.905, 0.92, 0.8, 0.871, 0.889, 0.833, 0.857, 0.952, 0.931, 0.889, 0.852, 0.926, 0.794, 0.962, 0.793, 0.926], ['LR', 0.724, 0.727, 0.885, 0.719, 0.75, 0.7, 0.774, 0.786, 0.862, 0.8, 0.697, 0.706, 0.8, 0.828, 0.84, 0.7, 0.88, 0.815, 0.8, 0.733, 0.885, 0.718, 0.8, 0.649, 0.867], ['DT', 0.828, 0.862, 0.684, 0.733, 0.744, 0.844, 0.867, 0.75, 0.844, 0.808, 0.71, 0.706, 0.906, 0.767, 0.862, 0.848, 0.846, 0.889, 0.767, 0.706, 0.958, 0.813, 0.833, 0.742, 0.821]], 'F_score': [['KNN', 0.727, 0.679, 0.655, 0.556, 0.787, 0.61, 0.721, 0.714, 0.691, 0.627, 0.586, 0.702, 0.75, 0.702, 0.75, 0.742, 0.704, 0.627, 0.632, 0.633, 0.764, 0.642, 0.778, 0.473, 0.724], ['SVM', 0.721, 0.762, 0.9, 0.774, 0.862, 0.841, 0.885, 0.733, 0.82, 0.741, 0.738, 0.75, 0.871, 0.78, 0.857, 0.811, 0.786, 0.821, 0.833, 0.759, 0.767, 0.875, 0.787, 0.762, 0.862], ['NB', 0.568, 0.563, 0.578, 0.591, 0.56, 0.538, 0.574, 0.578, 0.598, 0.684, 0.542, 0.593, 0.596, 0.551, 0.578, 0.598, 0.515, 0.591, 0.571, 0.592, 0.557, 0.609, 0.536, 0.515, 0.658], ['RF', 0.767, 0.821, 0.862, 0.767, 0.918, 0.875, 0.885, 0.821, 0.881, 0.745, 0.821, 0.8, 0.885, 0.842, 0.833, 0.909, 0.784, 0.915, 0.842, 0.807, 0.862, 0.844, 0.893, 0.78, 0.877], ['LR', 0.7, 0.762, 0.821, 0.742, 0.818, 0.789, 0.787, 0.759, 0.847, 0.727, 0.719, 0.75, 0.8, 0.814, 0.764, 0.789, 0.8, 0.772, 0.8, 0.733, 0.807, 0.812, 0.8, 0.716, 0.867], ['DT', 0.8, 0.847, 0.765, 0.733, 0.841, 0.857, 0.867, 0.774, 0.871, 0.75, 0.71, 0.75, 0.935, 0.767, 0.847, 0.875, 0.786, 0.842, 0.767, 0.75, 0.836, 0.839, 0.833, 0.754, 0.793]], 'Accuracy': [['KNN', 0.874, 0.847, 0.838, 0.795, 0.889, 0.807, 0.856, 0.863, 0.855, 0.838, 0.798, 0.856, 0.88, 0.855, 0.88, 0.866, 0.864, 0.838, 0.821, 0.812, 0.891, 0.839, 0.897, 0.752, 0.863], ['SVM', 0.857, 0.873, 0.949, 0.88, 0.923, 0.908, 0.941, 0.863, 0.906, 0.88, 0.857, 0.864, 0.932, 0.889, 0.932, 0.882, 0.898, 0.915, 0.915, 0.88, 0.882, 0.932, 0.889, 0.872, 0.932], ['NB', 0.681, 0.619, 0.675, 0.692, 0.624, 0.597, 0.661, 0.675, 0.667, 0.786, 0.63, 0.686, 0.675, 0.624, 0.675, 0.672, 0.602, 0.692, 0.667, 0.658, 0.639, 0.695, 0.615, 0.598, 0.769], ['RF', 0.882, 0.915, 0.932, 0.88, 0.957, 0.933, 0.941, 0.915, 0.94, 0.889, 0.916, 0.898, 0.94, 0.923, 0.915, 0.95, 0.907, 0.957, 0.923, 0.906, 0.933, 0.915, 0.949, 0.889, 0.94], ['LR', 0.849, 0.873, 0.915, 0.863, 0.897, 0.874, 0.89, 0.88, 0.923, 0.872, 0.849, 0.864, 0.897, 0.906, 0.889, 0.874, 0.907, 0.889, 0.897, 0.863, 0.908, 0.89, 0.897, 0.838, 0.932], ['DT', 0.899, 0.924, 0.863, 0.863, 0.906, 0.924, 0.932, 0.88, 0.932, 0.88, 0.849, 0.864, 0.966, 0.88, 0.923, 0.933, 0.898, 0.923, 0.88, 0.863, 0.924, 0.915, 0.915, 0.872, 0.897]]}}

------------------------------------------------------------
Sender: LSF System <lsfadmin@n2j5-11>
Subject: Job 643240: </share2/aagrawa8/miniconda2/bin/python2.7 run.py _test xerces.csv> Done

Job </share2/aagrawa8/miniconda2/bin/python2.7 run.py _test xerces.csv> was submitted from host <login02.hpc.ncsu.edu> by user <aagrawa8> in cluster <henry2>.
Job was executed on host(s) <4*n2j5-11>, in queue <single_chassis>, as user <aagrawa8> in cluster <henry2>.
                            <4*n2j5-10>
</home/aagrawa8> was used as the home directory.
</home/aagrawa8/fss16591/project/code> was used as the working directory.
Started at Mon Nov 21 16:59:43 2016
Results reported at Mon Nov 21 17:03:35 2016

Your job looked like:

------------------------------------------------------------
# LSBATCH: User input
/share2/aagrawa8/miniconda2/bin/python2.7 run.py _test xerces.csv
------------------------------------------------------------

Successfully completed.

Resource usage summary:

    CPU time   :    211.10 sec.
    Max Memory :        52 MB
    Max Swap   :       965 MB

    Max Processes  :         3
    Max Threads    :        15

The output (if any) is above this job summary.



PS:

Read file <./err/xerces.csv.err.643240> for stderr output of this job.

