Recall

rank ,         name ,    med   ,  iqr 
----------------------------------------------------
   1 ,           DT ,    0.84  ,  0.03 (         --*   |              ), 0.83,  0.84,  0.86
   2 ,           NB ,    0.89  ,  0.05 (            ---|*             ), 0.85,  0.89,  0.91
   3 ,          KNN ,    0.93  ,  0.03 (               |    -*        ), 0.92,  0.93,  0.95
   3 ,           RF ,    0.93  ,  0.04 (               |   --*        ), 0.91,  0.93,  0.96
   3 ,           LR ,    0.94  ,  0.03 (               |    --*       ), 0.92,  0.94,  0.96
   4 ,          SVM ,    0.96  ,  0.03 (               |      ---*    ), 0.94,  0.96,  0.97

Precision

rank ,         name ,    med   ,  iqr 
----------------------------------------------------
   1 ,          SVM ,    0.84  ,  0.01 (   ---*        |              ), 0.83,  0.84,  0.84
   1 ,           LR ,    0.84  ,  0.02 (    --*        |              ), 0.83,  0.84,  0.85
   1 ,           RF ,    0.84  ,  0.02 (    ---*       |              ), 0.83,  0.84,  0.86
   1 ,          KNN ,    0.84  ,  0.02 (   ----*       |              ), 0.83,  0.84,  0.85
   1 ,           DT ,    0.84  ,  0.03 (    ----*      |              ), 0.83,  0.84,  0.86
   2 ,           NB ,    0.87  ,  0.03 (            --*|              ), 0.86,  0.87,  0.89

F_score

rank ,         name ,    med   ,  iqr 
----------------------------------------------------
   1 ,           DT ,    0.84  ,  0.02 (         ---*  |              ), 0.83,  0.84,  0.86
   2 ,           NB ,    0.88  ,  0.02 (               | ---*         ), 0.86,  0.88,  0.89
   2 ,          KNN ,    0.88  ,  0.02 (               |    --*       ), 0.88,  0.88,  0.89
   2 ,           LR ,    0.89  ,  0.01 (               |     -*       ), 0.88,  0.89,  0.89
   2 ,           RF ,    0.89  ,  0.01 (               |     -*       ), 0.88,  0.89,  0.90
   2 ,          SVM ,    0.89  ,  0.02 (               |      --*     ), 0.89,  0.89,  0.90

Accuracy

rank ,         name ,    med   ,  iqr 
----------------------------------------------------
   1 ,           DT ,    0.76  ,  0.04 (       ----*   |              ), 0.74,  0.76,  0.78
   2 ,          KNN ,    0.81  ,  0.03 (               |---*          ), 0.79,  0.81,  0.82
   2 ,           NB ,    0.81  ,  0.04 (               |----*         ), 0.79,  0.81,  0.83
   2 ,           RF ,    0.81  ,  0.03 (               |  --*         ), 0.81,  0.81,  0.83
   2 ,           LR ,    0.81  ,  0.02 (               |  --*         ), 0.81,  0.81,  0.83
   2 ,          SVM ,    0.82  ,  0.03 (               |    -*        ), 0.81,  0.82,  0.84

{'ant': {'Recall': [['KNN', 0.897, 0.94, 0.991, 0.897, 0.93, 0.957, 0.836, 0.94, 0.931, 0.957, 0.922, 0.922, 0.931, 0.948, 0.948, 0.905, 0.931, 0.948, 0.905, 0.965, 0.922, 0.922, 0.94, 0.914, 0.957], ['SVM', 0.94, 0.966, 1.0, 0.94, 0.948, 0.966, 0.922, 0.974, 0.948, 0.991, 0.94, 0.948, 0.94, 0.991, 0.965, 0.966, 0.974, 0.974, 0.914, 0.974, 0.966, 0.948, 0.957, 0.94, 0.983], ['NB', 0.871, 0.905, 0.948, 0.853, 0.852, 0.879, 0.802, 0.922, 0.897, 0.939, 0.888, 0.836, 0.871, 0.888, 0.922, 0.879, 0.897, 0.888, 0.836, 0.913, 0.845, 0.897, 0.836, 0.871, 0.913], ['RF', 0.914, 0.914, 0.974, 0.914, 0.957, 0.966, 0.905, 0.931, 0.922, 0.965, 0.922, 0.948, 0.94, 0.914, 0.93, 0.914, 0.94, 0.931, 0.845, 0.974, 0.957, 0.948, 0.931, 0.905, 0.957], ['LR', 0.922, 0.922, 0.974, 0.922, 0.93, 0.966, 0.897, 0.94, 0.948, 0.983, 0.94, 0.931, 0.914, 0.966, 0.939, 0.931, 0.966, 0.957, 0.905, 0.957, 0.948, 0.931, 0.948, 0.914, 0.974], ['DT', 0.802, 0.836, 0.845, 0.845, 0.896, 0.845, 0.75, 0.828, 0.81, 0.913, 0.836, 0.853, 0.862, 0.862, 0.878, 0.828, 0.853, 0.879, 0.776, 0.843, 0.879, 0.819, 0.845, 0.793, 0.852]], 'Precision': [['KNN', 0.867, 0.826, 0.846, 0.846, 0.829, 0.828, 0.851, 0.845, 0.844, 0.846, 0.877, 0.823, 0.857, 0.846, 0.832, 0.84, 0.824, 0.84, 0.854, 0.847, 0.849, 0.836, 0.82, 0.835, 0.827], ['SVM', 0.852, 0.83, 0.829, 0.838, 0.838, 0.818, 0.843, 0.843, 0.833, 0.832, 0.838, 0.827, 0.852, 0.846, 0.835, 0.842, 0.825, 0.85, 0.835, 0.842, 0.868, 0.846, 0.816, 0.838, 0.819], ['NB', 0.902, 0.861, 0.866, 0.884, 0.883, 0.85, 0.877, 0.892, 0.867, 0.878, 0.873, 0.866, 0.886, 0.866, 0.862, 0.843, 0.839, 0.888, 0.866, 0.921, 0.907, 0.897, 0.858, 0.842, 0.847], ['RF', 0.876, 0.848, 0.837, 0.855, 0.84, 0.824, 0.833, 0.864, 0.836, 0.867, 0.856, 0.833, 0.832, 0.862, 0.843, 0.855, 0.832, 0.871, 0.838, 0.842, 0.86, 0.846, 0.831, 0.82, 0.833], ['LR', 0.849, 0.823, 0.843, 0.856, 0.836, 0.818, 0.825, 0.845, 0.84, 0.856, 0.838, 0.837, 0.848, 0.848, 0.837, 0.837, 0.83, 0.854, 0.833, 0.88, 0.873, 0.857, 0.821, 0.841, 0.818], ['DT', 0.83, 0.843, 0.824, 0.867, 0.88, 0.838, 0.837, 0.821, 0.855, 0.861, 0.858, 0.825, 0.877, 0.833, 0.863, 0.828, 0.846, 0.857, 0.841, 0.866, 0.872, 0.864, 0.845, 0.821, 0.838]], 'F_score': [['KNN', 0.881, 0.879, 0.913, 0.87, 0.877, 0.888, 0.843, 0.89, 0.885, 0.898, 0.899, 0.87, 0.893, 0.894, 0.886, 0.871, 0.874, 0.891, 0.879, 0.902, 0.884, 0.877, 0.876, 0.872, 0.887], ['SVM', 0.893, 0.892, 0.906, 0.886, 0.89, 0.885, 0.881, 0.904, 0.887, 0.905, 0.886, 0.884, 0.893, 0.913, 0.895, 0.9, 0.893, 0.908, 0.872, 0.903, 0.914, 0.894, 0.881, 0.886, 0.893], ['NB', 0.886, 0.882, 0.905, 0.868, 0.867, 0.864, 0.838, 0.907, 0.881, 0.908, 0.88, 0.851, 0.878, 0.877, 0.891, 0.861, 0.867, 0.888, 0.851, 0.917, 0.875, 0.897, 0.847, 0.856, 0.879], ['RF', 0.895, 0.88, 0.9, 0.883, 0.894, 0.889, 0.868, 0.896, 0.877, 0.914, 0.888, 0.887, 0.883, 0.887, 0.884, 0.883, 0.883, 0.9, 0.841, 0.903, 0.906, 0.894, 0.878, 0.861, 0.891], ['LR', 0.884, 0.87, 0.904, 0.888, 0.881, 0.885, 0.86, 0.89, 0.891, 0.915, 0.886, 0.882, 0.88, 0.903, 0.885, 0.882, 0.892, 0.902, 0.868, 0.917, 0.909, 0.893, 0.88, 0.876, 0.889], ['DT', 0.816, 0.84, 0.834, 0.856, 0.888, 0.841, 0.791, 0.824, 0.832, 0.886, 0.847, 0.839, 0.87, 0.847, 0.871, 0.828, 0.85, 0.868, 0.807, 0.855, 0.876, 0.841, 0.845, 0.807, 0.845]], 'Accuracy': [['KNN', 0.813, 0.799, 0.852, 0.792, 0.797, 0.813, 0.758, 0.819, 0.812, 0.831, 0.84, 0.785, 0.826, 0.826, 0.811, 0.793, 0.792, 0.819, 0.805, 0.838, 0.813, 0.799, 0.792, 0.792, 0.811], ['SVM', 0.827, 0.819, 0.839, 0.812, 0.818, 0.807, 0.805, 0.839, 0.812, 0.838, 0.813, 0.805, 0.826, 0.852, 0.824, 0.833, 0.819, 0.846, 0.792, 0.838, 0.86, 0.826, 0.799, 0.812, 0.818], ['NB', 0.827, 0.812, 0.846, 0.799, 0.797, 0.787, 0.758, 0.852, 0.812, 0.851, 0.813, 0.772, 0.812, 0.805, 0.824, 0.78, 0.785, 0.826, 0.772, 0.872, 0.813, 0.839, 0.765, 0.772, 0.804], ['RF', 0.833, 0.805, 0.832, 0.812, 0.824, 0.813, 0.785, 0.832, 0.799, 0.858, 0.82, 0.812, 0.805, 0.819, 0.811, 0.813, 0.805, 0.839, 0.752, 0.838, 0.847, 0.826, 0.799, 0.772, 0.818], ['LR', 0.813, 0.785, 0.839, 0.819, 0.804, 0.807, 0.772, 0.819, 0.819, 0.858, 0.813, 0.805, 0.805, 0.839, 0.811, 0.807, 0.819, 0.839, 0.785, 0.865, 0.853, 0.826, 0.799, 0.799, 0.811], ['DT', 0.72, 0.752, 0.738, 0.779, 0.824, 0.753, 0.691, 0.725, 0.745, 0.818, 0.767, 0.745, 0.799, 0.758, 0.797, 0.733, 0.765, 0.792, 0.711, 0.777, 0.807, 0.758, 0.758, 0.705, 0.757]]}}

------------------------------------------------------------
Sender: LSF System <lsfadmin@n3l2-3>
Subject: Job 643227: </share2/aagrawa8/miniconda2/bin/python2.7 run.py _test ant.csv> Done

Job </share2/aagrawa8/miniconda2/bin/python2.7 run.py _test ant.csv> was submitted from host <login02.hpc.ncsu.edu> by user <aagrawa8> in cluster <henry2>.
Job was executed on host(s) <4*n3l2-3>, in queue <single_chassis>, as user <aagrawa8> in cluster <henry2>.
                            <4*n3l2-8>
</home/aagrawa8> was used as the home directory.
</home/aagrawa8/fss16591/project/code> was used as the working directory.
Started at Mon Nov 21 16:59:09 2016
Results reported at Mon Nov 21 17:53:05 2016

Your job looked like:

------------------------------------------------------------
# LSBATCH: User input
/share2/aagrawa8/miniconda2/bin/python2.7 run.py _test ant.csv
------------------------------------------------------------

Successfully completed.

Resource usage summary:

    CPU time   :   3220.01 sec.
    Max Memory :        51 MB
    Max Swap   :       830 MB

    Max Processes  :         3
    Max Threads    :        11

The output (if any) is above this job summary.



PS:

Read file <./err/ant.csv.err.643227> for stderr output of this job.

