Recall

rank ,         name ,    med   ,  iqr 
----------------------------------------------------
   1 ,           NB ,    0.90  ,  0.03 (           ----|*             ), 0.87,  0.90,  0.91
   1 ,           DT ,    0.90  ,  0.06 (           ----|*             ), 0.87,  0.90,  0.94
   2 ,          SVM ,    0.97  ,  0.03 (               |       --*    ), 0.95,  0.97,  0.98
   2 ,           RF ,    0.97  ,  0.02 (               |         *    ), 0.97,  0.97,  0.98
   2 ,           LR ,    0.97  ,  0.03 (               |       --*    ), 0.95,  0.97,  0.98
   3 ,          KNN ,    0.98  ,  0.02 (               |           *  ), 0.98,  0.98,  1.00

Precision

rank ,         name ,    med   ,  iqr 
----------------------------------------------------
   1 ,          KNN ,    0.89  ,  0.02 (  -*           |              ), 0.88,  0.89,  0.90
   2 ,           RF ,    0.90  ,  0.02 (      -*       |              ), 0.90,  0.90,  0.91
   2 ,           DT ,    0.91  ,  0.01 (       --*     |              ), 0.90,  0.91,  0.91
   2 ,          SVM ,    0.91  ,  0.01 (      ----*    |              ), 0.90,  0.91,  0.91
   2 ,           LR ,    0.91  ,  0.01 (       ---*    |              ), 0.90,  0.91,  0.91
   3 ,           NB ,    0.92  ,  0.03 (         -----*|              ), 0.90,  0.92,  0.93

F_score

rank ,         name ,    med   ,  iqr 
----------------------------------------------------
   1 ,           NB ,    0.91  ,  0.03 (          -----|*             ), 0.89,  0.91,  0.92
   1 ,           DT ,    0.91  ,  0.04 (          -----|*             ), 0.88,  0.91,  0.92
   2 ,          SVM ,    0.93  ,  0.01 (               |    -*        ), 0.93,  0.93,  0.94
   2 ,           RF ,    0.94  ,  0.02 (               |     -*       ), 0.93,  0.94,  0.95
   2 ,           LR ,    0.94  ,  0.02 (               |   ---*       ), 0.92,  0.94,  0.95
   2 ,          KNN ,    0.94  ,  0.02 (               |     --*      ), 0.93,  0.94,  0.95

Accuracy

rank ,         name ,    med   ,  iqr 
----------------------------------------------------
   1 ,           NB ,    0.84  ,  0.06 (         ------*              ), 0.80,  0.84,  0.86
   1 ,           DT ,    0.84  ,  0.07 (        -------*              ), 0.79,  0.84,  0.86
   2 ,          SVM ,    0.87  ,  0.02 (               |   -*         ), 0.87,  0.87,  0.89
   2 ,          KNN ,    0.89  ,  0.03 (               |   ---*       ), 0.87,  0.89,  0.90
   2 ,           RF ,    0.89  ,  0.03 (               |   ---*       ), 0.87,  0.89,  0.90
   2 ,           LR ,    0.89  ,  0.04 (               |  ----*       ), 0.86,  0.89,  0.90

{'ivy': {'Recall': [['KNN', 0.984, 0.984, 1.0, 0.952, 0.984, 1.0, 1.0, 0.984, 0.984, 0.984, 1.0, 0.984, 0.968, 1.0, 0.984, 0.984, 1.0, 0.984, 0.935, 1.0, 1.0, 1.0, 1.0, 0.984, 0.984], ['SVM', 0.968, 0.984, 0.984, 0.919, 0.984, 0.952, 0.984, 0.935, 0.952, 0.984, 0.968, 0.937, 0.952, 0.984, 0.968, 0.937, 0.968, 0.968, 0.968, 1.0, 1.0, 0.952, 1.0, 0.968, 0.984], ['NB', 0.937, 0.905, 0.887, 0.823, 0.903, 0.873, 0.841, 0.839, 0.903, 0.935, 0.905, 0.81, 0.855, 0.935, 0.887, 0.905, 0.921, 0.919, 0.839, 0.903, 0.905, 0.873, 0.919, 0.871, 0.871], ['RF', 0.968, 0.952, 1.0, 0.984, 0.984, 0.968, 0.968, 0.984, 0.952, 0.968, 1.0, 1.0, 0.968, 1.0, 0.968, 0.937, 0.984, 0.968, 0.984, 1.0, 0.968, 0.968, 0.984, 1.0, 0.968], ['LR', 0.968, 0.984, 0.984, 0.935, 0.984, 0.937, 0.984, 0.952, 0.952, 1.0, 0.984, 0.921, 0.952, 0.984, 0.968, 0.905, 0.968, 0.984, 0.968, 1.0, 0.984, 0.952, 0.984, 0.919, 0.984], ['DT', 0.889, 0.825, 0.903, 0.855, 0.919, 0.921, 0.905, 0.968, 0.839, 0.903, 0.905, 0.889, 0.871, 0.903, 0.952, 0.952, 0.984, 0.871, 0.935, 0.935, 0.937, 0.873, 0.984, 0.79, 0.823]], 'Precision': [['KNN', 0.886, 0.886, 0.886, 0.894, 0.884, 0.9, 0.887, 0.884, 0.924, 0.884, 0.9, 0.886, 0.882, 0.899, 0.91, 0.899, 0.887, 0.884, 0.892, 0.886, 0.9, 0.9, 0.899, 0.884, 0.884], ['SVM', 0.897, 0.912, 0.924, 0.877, 0.897, 0.909, 0.886, 0.921, 0.908, 0.897, 0.91, 0.908, 0.894, 0.897, 0.896, 0.908, 0.91, 0.909, 0.896, 0.912, 0.9, 0.896, 0.912, 0.909, 0.884], ['NB', 0.894, 0.934, 0.965, 0.879, 0.903, 0.932, 0.898, 0.912, 0.918, 0.906, 0.919, 0.927, 0.898, 0.906, 0.948, 0.934, 0.935, 0.919, 0.881, 0.918, 0.934, 0.917, 0.934, 0.915, 0.9], ['RF', 0.897, 0.909, 0.939, 0.884, 0.897, 0.91, 0.884, 0.897, 0.908, 0.896, 0.913, 0.913, 0.896, 0.886, 0.909, 0.937, 0.912, 0.882, 0.897, 0.912, 0.897, 0.924, 0.924, 0.899, 0.882], ['LR', 0.884, 0.912, 0.938, 0.892, 0.91, 0.908, 0.899, 0.908, 0.908, 0.912, 0.912, 0.921, 0.908, 0.897, 0.909, 0.905, 0.91, 0.897, 0.896, 0.899, 0.899, 0.896, 0.91, 0.905, 0.897], ['DT', 0.875, 0.912, 0.933, 0.898, 0.905, 0.921, 0.919, 0.882, 0.897, 0.903, 0.905, 0.933, 0.885, 0.903, 0.922, 0.909, 0.899, 0.9, 0.906, 0.906, 0.908, 0.917, 0.91, 0.891, 0.879]], 'F_score': [['KNN', 0.932, 0.932, 0.939, 0.922, 0.931, 0.947, 0.94, 0.931, 0.953, 0.931, 0.947, 0.932, 0.923, 0.947, 0.946, 0.939, 0.94, 0.931, 0.913, 0.939, 0.947, 0.947, 0.947, 0.931, 0.931], ['SVM', 0.931, 0.947, 0.953, 0.898, 0.938, 0.93, 0.932, 0.928, 0.929, 0.938, 0.938, 0.922, 0.922, 0.938, 0.93, 0.922, 0.938, 0.937, 0.93, 0.954, 0.947, 0.923, 0.954, 0.937, 0.931], ['NB', 0.915, 0.919, 0.924, 0.85, 0.903, 0.902, 0.869, 0.874, 0.911, 0.921, 0.912, 0.864, 0.876, 0.921, 0.917, 0.919, 0.928, 0.919, 0.86, 0.911, 0.919, 0.894, 0.927, 0.893, 0.885], ['RF', 0.931, 0.93, 0.969, 0.931, 0.938, 0.938, 0.924, 0.938, 0.929, 0.93, 0.955, 0.955, 0.93, 0.939, 0.937, 0.937, 0.947, 0.923, 0.938, 0.954, 0.931, 0.946, 0.953, 0.947, 0.923], ['LR', 0.924, 0.947, 0.961, 0.913, 0.946, 0.922, 0.939, 0.929, 0.929, 0.954, 0.947, 0.921, 0.929, 0.938, 0.937, 0.905, 0.938, 0.938, 0.93, 0.947, 0.939, 0.923, 0.946, 0.912, 0.938], ['DT', 0.882, 0.867, 0.918, 0.876, 0.912, 0.921, 0.912, 0.923, 0.867, 0.903, 0.905, 0.911, 0.878, 0.903, 0.937, 0.93, 0.939, 0.885, 0.921, 0.921, 0.922, 0.894, 0.946, 0.838, 0.85]], 'Accuracy': [['KNN', 0.873, 0.873, 0.886, 0.857, 0.871, 0.901, 0.887, 0.871, 0.914, 0.871, 0.901, 0.873, 0.857, 0.9, 0.9, 0.887, 0.887, 0.871, 0.843, 0.886, 0.901, 0.901, 0.9, 0.871, 0.871], ['SVM', 0.873, 0.901, 0.914, 0.814, 0.886, 0.873, 0.873, 0.871, 0.871, 0.886, 0.887, 0.859, 0.857, 0.886, 0.871, 0.859, 0.887, 0.886, 0.871, 0.914, 0.901, 0.859, 0.914, 0.886, 0.871], ['NB', 0.845, 0.859, 0.871, 0.743, 0.829, 0.831, 0.775, 0.786, 0.843, 0.857, 0.845, 0.775, 0.786, 0.857, 0.857, 0.859, 0.873, 0.857, 0.757, 0.843, 0.859, 0.817, 0.871, 0.814, 0.8], ['RF', 0.873, 0.873, 0.943, 0.871, 0.886, 0.887, 0.859, 0.886, 0.871, 0.871, 0.915, 0.915, 0.871, 0.886, 0.886, 0.887, 0.901, 0.857, 0.886, 0.914, 0.873, 0.901, 0.914, 0.9, 0.857], ['LR', 0.859, 0.901, 0.929, 0.843, 0.9, 0.859, 0.887, 0.871, 0.871, 0.914, 0.901, 0.859, 0.871, 0.886, 0.886, 0.831, 0.887, 0.886, 0.871, 0.9, 0.887, 0.859, 0.9, 0.843, 0.886], ['DT', 0.789, 0.775, 0.857, 0.786, 0.843, 0.859, 0.845, 0.857, 0.771, 0.829, 0.831, 0.845, 0.786, 0.829, 0.886, 0.873, 0.887, 0.8, 0.857, 0.857, 0.859, 0.817, 0.9, 0.729, 0.743]]}}

------------------------------------------------------------
Sender: LSF System <lsfadmin@n3n2-13>
Subject: Job 643230: </share2/aagrawa8/miniconda2/bin/python2.7 run.py _test ivy.csv> Done

Job </share2/aagrawa8/miniconda2/bin/python2.7 run.py _test ivy.csv> was submitted from host <login02.hpc.ncsu.edu> by user <aagrawa8> in cluster <henry2>.
Job was executed on host(s) <8*n3n2-13>, in queue <single_chassis>, as user <aagrawa8> in cluster <henry2>.
</home/aagrawa8> was used as the home directory.
</home/aagrawa8/fss16591/project/code> was used as the working directory.
Started at Mon Nov 21 16:59:09 2016
Results reported at Mon Nov 21 17:26:02 2016

Your job looked like:

------------------------------------------------------------
# LSBATCH: User input
/share2/aagrawa8/miniconda2/bin/python2.7 run.py _test ivy.csv
------------------------------------------------------------

Successfully completed.

Resource usage summary:

    CPU time   :   1595.61 sec.
    Max Memory :        49 MB
    Max Swap   :       828 MB

    Max Processes  :         3
    Max Threads    :        11

The output (if any) is above this job summary.



PS:

Read file <./err/ivy.csv.err.643230> for stderr output of this job.

