Recall

rank ,         name ,    med   ,  iqr 
----------------------------------------------------
   1 ,          KNN ,    0.00  ,  0.00 (*              |              ), 0.00,  0.00,  0.00
   1 ,          SVM ,    0.00  ,  0.00 (*              |              ), 0.00,  0.00,  0.00
   1 ,           RF ,    0.00  ,  0.33 (*              |              ), 0.00,  0.00,  0.33
   1 ,           LR ,    0.00  ,  0.00 (*              |              ), 0.00,  0.00,  0.00
   2 ,           DT ,    0.33  ,  0.42 (       --*     |              ), 0.25,  0.33,  0.67
   3 ,           NB ,    0.75  ,  0.33 (               |    --*       ), 0.67,  0.75,  1.00

Precision

rank ,         name ,    med   ,  iqr 
----------------------------------------------------
   1 ,          KNN ,    0.00  ,  0.00 (*              |              ), 0.00,  0.00,  0.00
   1 ,          SVM ,    0.00  ,  0.00 (*              |              ), 0.00,  0.00,  0.00
   1 ,           RF ,    0.00  ,  0.50 (*              |              ), 0.00,  0.00,  0.50
   1 ,           LR ,    0.00  ,  0.00 (*              |              ), 0.00,  0.00,  0.00
   1 ,           NB ,    0.12  ,  0.02 (   *           |              ), 0.10,  0.12,  0.12
   2 ,           DT ,    0.40  ,  0.50 (     ------*   |              ), 0.17,  0.40,  0.67

F_score

rank ,         name ,    med   ,  iqr 
----------------------------------------------------
   1 ,          KNN ,    0.00  ,  0.00 (*              |              ), 0.00,  0.00,  0.00
   1 ,          SVM ,    0.00  ,  0.00 (*              |              ), 0.00,  0.00,  0.00
   1 ,           RF ,    0.00  ,  0.40 (*              |              ), 0.00,  0.00,  0.40
   1 ,           LR ,    0.00  ,  0.00 (*              |              ), 0.00,  0.00,  0.00
   2 ,           NB ,    0.20  ,  0.03 (      *        |              ), 0.18,  0.20,  0.21
   3 ,           DT ,    0.40  ,  0.35 (       ------* |              ), 0.22,  0.40,  0.57

Accuracy

rank ,         name ,    med   ,  iqr 
----------------------------------------------------
   1 ,          KNN ,    0.00  ,  0.00 (*              |              ), 0.00,  0.00,  0.00
   1 ,          SVM ,    0.00  ,  0.00 (*              |              ), 0.00,  0.00,  0.00
   1 ,           RF ,    0.00  ,  0.93 (*              |              ), 0.00,  0.00,  0.93
   1 ,           LR ,    0.00  ,  0.00 (*              |              ), 0.00,  0.00,  0.00
   2 ,           NB ,    0.51  ,  0.13 (             --*              ), 0.44,  0.51,  0.57
   3 ,           DT ,    0.90  ,  0.10 (               |         --*  ), 0.83,  0.90,  0.93

{'log4j': {'Recall': [['KNN', 0.0, 0.0, 0.0, 0.0, 0.0, 0.0, 0.0, 0.0, 0.0, 0.0, 0.0, 0.0, 0.0, 0.0, 0.0, 0.0, 0.0, 0.0, 0.0, 0.0, 0.0, 0.0, 0.0, 0.0, 0.0], ['SVM', 0.0, 0.0, 0.0, 0.0, 0.0, 0.0, 0.0, 0.0, 0.0, 0.0, 0.0, 0.0, 0.0, 0.0, 0.0, 0.0, 0.0, 0.0, 0.0, 0.0, 0.0, 0.0, 0.0, 0.333, 0.0], ['NB', 0.5, 0.333, 1.0, 1.0, 1.0, 1.0, 0.333, 1.0, 1.0, 0.333, 0.75, 0.667, 0.667, 1.0, 0.667, 1.0, 0.667, 0.667, 0.667, 1.0, 0.75, 0.667, 1.0, 1.0, 0.667], ['RF', 0.25, 0.0, 0.0, 0.0, 0.0, 0.0, 0.0, 0.333, 0.333, 0.333, 0.5, 0.0, 0.0, 0.333, 0.667, 0.0, 0.0, 0.333, 0.0, 0.333, 0.0, 0.0, 0.0, 0.333, 0.333], ['LR', 0.0, 0.0, 0.0, 0.333, 0.0, 0.0, 0.333, 0.0, 0.0, 0.0, 0.25, 0.0, 0.0, 0.0, 0.0, 0.0, 0.333, 0.0, 0.0, 0.333, 0.0, 0.0, 0.0, 0.333, 0.0], ['DT', 0.25, 0.0, 0.0, 0.667, 1.0, 0.25, 0.333, 0.667, 0.333, 0.667, 1.0, 0.0, 0.0, 0.667, 0.667, 0.5, 0.0, 0.667, 0.333, 0.667, 0.5, 0.333, 0.333, 0.333, 0.333]], 'Precision': [['KNN', 0.0, 0.0, 0.0, 0.0, 0.0, 0.0, 0.0, 0.0, 0.0, 0.0, 0.0, 0.0, 0.0, 0.0, 0.0, 0.0, 0.0, 0.0, 0.0, 0.0, 0.0, 0.0, 0.0, 0.0, 0.0], ['SVM', 0.0, 0.0, 0.0, 0.0, 0.0, 0.0, 0.0, 0.0, 0.0, 0.0, 0.0, 0.0, 0.0, 0.0, 0.0, 0.0, 0.0, 0.0, 0.0, 0.0, 0.0, 0.0, 0.0, 0.2, 0.0], ['NB', 0.111, 0.056, 0.13, 0.12, 0.12, 0.182, 0.05, 0.103, 0.115, 0.077, 0.107, 0.071, 0.143, 0.115, 0.118, 0.174, 0.118, 0.118, 0.071, 0.111, 0.111, 0.1, 0.143, 0.12, 0.118], ['RF', 1.0, 0.0, 0.0, 0.0, 0.0, 0.0, 0.0, 1.0, 0.333, 0.5, 0.667, 0.0, 0.0, 1.0, 1.0, 0.0, 0.0, 0.5, 0.0, 0.5, 0.0, 0.0, 0.0, 0.5, 1.0], ['LR', 0.0, 0.0, 0.0, 1.0, 0.0, 0.0, 0.5, 0.0, 0.0, 0.0, 0.5, 0.0, 0.0, 0.0, 0.0, 0.0, 0.5, 0.0, 0.0, 0.333, 0.0, 0.0, 0.0, 0.5, 0.0], ['DT', 0.333, 0.0, 0.0, 0.667, 0.5, 0.333, 0.5, 0.667, 0.167, 0.5, 0.8, 0.0, 0.0, 0.5, 0.5, 0.667, 0.0, 0.667, 0.125, 0.4, 0.667, 0.25, 1.0, 0.25, 0.25]], 'F_score': [['KNN', 0.0, 0.0, 0.0, 0.0, 0.0, 0.0, 0.0, 0.0, 0.0, 0.0, 0.0, 0.0, 0.0, 0.0, 0.0, 0.0, 0.0, 0.0, 0.0, 0.0, 0.0, 0.0, 0.0, 0.0, 0.0], ['SVM', 0.0, 0.0, 0.0, 0.0, 0.0, 0.0, 0.0, 0.0, 0.0, 0.0, 0.0, 0.0, 0.0, 0.0, 0.0, 0.0, 0.0, 0.0, 0.0, 0.0, 0.0, 0.0, 0.0, 0.25, 0.0], ['NB', 0.182, 0.095, 0.231, 0.214, 0.214, 0.308, 0.087, 0.188, 0.207, 0.125, 0.188, 0.129, 0.235, 0.207, 0.2, 0.296, 0.2, 0.2, 0.129, 0.2, 0.194, 0.174, 0.25, 0.214, 0.2], ['RF', 0.4, 0.0, 0.0, 0.0, 0.0, 0.0, 0.0, 0.5, 0.333, 0.4, 0.571, 0.0, 0.0, 0.5, 0.8, 0.0, 0.0, 0.4, 0.0, 0.4, 0.0, 0.0, 0.0, 0.4, 0.5], ['LR', 0.0, 0.0, 0.0, 0.5, 0.0, 0.0, 0.4, 0.0, 0.0, 0.0, 0.333, 0.0, 0.0, 0.0, 0.0, 0.0, 0.4, 0.0, 0.0, 0.333, 0.0, 0.0, 0.0, 0.4, 0.0], ['DT', 0.286, 0.0, 0.0, 0.667, 0.667, 0.286, 0.4, 0.667, 0.222, 0.571, 0.889, 0.0, 0.0, 0.571, 0.571, 0.571, 0.0, 0.667, 0.182, 0.5, 0.571, 0.286, 0.5, 0.286, 0.286]], 'Accuracy': [['KNN', 0.0, 0.0, 0.0, 0.0, 0.0, 0.0, 0.0, 0.0, 0.0, 0.0, 0.0, 0.0, 0.0, 0.0, 0.0, 0.0, 0.0, 0.0, 0.0, 0.0, 0.0, 0.0, 0.0, 0.0, 0.0], ['SVM', 0.0, 0.0, 0.0, 0.0, 0.0, 0.0, 0.0, 0.0, 0.0, 0.0, 0.0, 0.0, 0.0, 0.0, 0.0, 0.0, 0.0, 0.0, 0.0, 0.0, 0.0, 0.0, 0.0, 0.854, 0.0], ['NB', 0.571, 0.537, 0.512, 0.463, 0.45, 0.571, 0.488, 0.366, 0.439, 0.65, 0.381, 0.341, 0.683, 0.439, 0.6, 0.548, 0.61, 0.61, 0.341, 0.4, 0.405, 0.537, 0.561, 0.463, 0.6], ['RF', 0.929, 0.0, 0.0, 0.0, 0.0, 0.0, 0.0, 0.951, 0.902, 0.925, 0.929, 0.0, 0.0, 0.951, 0.975, 0.0, 0.0, 0.927, 0.0, 0.925, 0.0, 0.0, 0.0, 0.927, 0.95], ['LR', 0.0, 0.0, 0.0, 0.951, 0.0, 0.0, 0.927, 0.0, 0.0, 0.0, 0.905, 0.0, 0.0, 0.0, 0.0, 0.0, 0.927, 0.0, 0.0, 0.9, 0.0, 0.0, 0.0, 0.927, 0.0], ['DT', 0.881, 0.0, 0.0, 0.951, 0.925, 0.881, 0.927, 0.951, 0.829, 0.925, 0.976, 0.0, 0.0, 0.927, 0.925, 0.929, 0.0, 0.951, 0.78, 0.9, 0.929, 0.878, 0.951, 0.878, 0.875]]}}

------------------------------------------------------------
Sender: LSF System <lsfadmin@n3n3-3>
Subject: Job 643232: </share2/aagrawa8/miniconda2/bin/python2.7 run.py _test log4j.csv> Done

Job </share2/aagrawa8/miniconda2/bin/python2.7 run.py _test log4j.csv> was submitted from host <login02.hpc.ncsu.edu> by user <aagrawa8> in cluster <henry2>.
Job was executed on host(s) <8*n3n3-3>, in queue <single_chassis>, as user <aagrawa8> in cluster <henry2>.
</home/aagrawa8> was used as the home directory.
</home/aagrawa8/fss16591/project/code> was used as the working directory.
Started at Mon Nov 21 16:59:09 2016
Results reported at Mon Nov 21 17:01:12 2016

Your job looked like:

------------------------------------------------------------
# LSBATCH: User input
/share2/aagrawa8/miniconda2/bin/python2.7 run.py _test log4j.csv
------------------------------------------------------------

Successfully completed.

Resource usage summary:

    CPU time   :    105.42 sec.
    Max Memory :        50 MB
    Max Swap   :       828 MB

    Max Processes  :         3
    Max Threads    :        11

The output (if any) is above this job summary.



PS:

Read file <./err/log4j.csv.err.643232> for stderr output of this job.

