Recall

rank ,         name ,    med   ,  iqr 
----------------------------------------------------
   1 ,          KNN ,    0.69  ,  0.12 (          --*  |              ), 0.66,  0.69,  0.78
   1 ,           LR ,    0.69  ,  0.13 (        ----*  |              ), 0.62,  0.69,  0.76
   1 ,           DT ,    0.72  ,  0.09 (          ----*|              ), 0.66,  0.72,  0.75
   1 ,          SVM ,    0.75  ,  0.09 (            ---*              ), 0.69,  0.75,  0.78
   2 ,           RF ,    0.78  ,  0.07 (               |-*            ), 0.75,  0.78,  0.82
   3 ,           NB ,    0.91  ,  0.09 (               |     ---*     ), 0.84,  0.91,  0.94

Precision

rank ,         name ,    med   ,  iqr 
----------------------------------------------------
   1 ,           NB ,    0.43  ,  0.03 ( -*            |              ), 0.42,  0.43,  0.45
   2 ,          SVM ,    0.68  ,  0.09 (              -|-*            ), 0.62,  0.68,  0.71
   2 ,          KNN ,    0.68  ,  0.08 (               |-*            ), 0.65,  0.68,  0.73
   2 ,           LR ,    0.70  ,  0.10 (               |--*           ), 0.64,  0.70,  0.74
   3 ,           DT ,    0.72  ,  0.11 (               | ---*         ), 0.67,  0.72,  0.78
   3 ,           RF ,    0.73  ,  0.10 (               | ----*        ), 0.68,  0.73,  0.78

F_score

rank ,         name ,    med   ,  iqr 
----------------------------------------------------
   1 ,           NB ,    0.58  ,  0.05 (  --*          |              ), 0.56,  0.58,  0.60
   2 ,          KNN ,    0.68  ,  0.08 (           --* |              ), 0.66,  0.68,  0.74
   2 ,           LR ,    0.69  ,  0.09 (          ----*|              ), 0.64,  0.69,  0.73
   2 ,          SVM ,    0.71  ,  0.06 (            ---|*             ), 0.67,  0.71,  0.73
   2 ,           DT ,    0.71  ,  0.09 (            ---|*             ), 0.67,  0.71,  0.76
   3 ,           RF ,    0.76  ,  0.08 (               |-----*        ), 0.70,  0.76,  0.79

Accuracy

rank ,         name ,    med   ,  iqr 
----------------------------------------------------
   1 ,           NB ,    0.52  ,  0.04 (   *           |              ), 0.52,  0.52,  0.57
   2 ,          KNN ,    0.77  ,  0.07 (               |   --*        ), 0.74,  0.77,  0.81
   2 ,          SVM ,    0.77  ,  0.05 (               |    -*        ), 0.75,  0.77,  0.80
   2 ,           LR ,    0.78  ,  0.06 (               |   ---*       ), 0.74,  0.78,  0.80
   3 ,           DT ,    0.80  ,  0.09 (               |   ----*      ), 0.74,  0.80,  0.83
   3 ,           RF ,    0.82  ,  0.08 (               |    ----*     ), 0.76,  0.82,  0.84

{'poi': {'Recall': [['KNN', 0.667, 0.688, 0.813, 0.813, 0.531, 0.667, 0.719, 0.688, 0.625, 0.906, 0.818, 0.688, 0.625, 0.75, 0.656, 0.818, 0.531, 0.688, 0.75, 0.781, 0.727, 0.938, 0.656, 0.688, 0.594], ['SVM', 0.758, 0.781, 0.656, 0.656, 0.781, 0.667, 0.781, 0.656, 0.719, 0.781, 0.818, 0.719, 0.563, 0.781, 0.75, 0.758, 0.688, 0.688, 0.75, 0.844, 0.818, 0.875, 0.563, 0.719, 0.719], ['NB', 0.939, 0.906, 0.906, 0.875, 0.813, 0.788, 0.938, 0.906, 0.844, 1.0, 0.909, 0.906, 0.938, 0.813, 0.906, 0.848, 0.844, 0.813, 0.938, 1.0, 0.97, 1.0, 0.844, 0.813, 0.844], ['RF', 0.818, 0.75, 0.813, 0.75, 0.75, 0.818, 0.688, 0.75, 0.656, 0.844, 0.818, 0.813, 0.656, 0.781, 0.75, 0.818, 0.75, 0.813, 0.844, 0.813, 0.788, 0.875, 0.781, 0.75, 0.656], ['LR', 0.667, 0.688, 0.625, 0.563, 0.813, 0.636, 0.75, 0.625, 0.594, 0.688, 0.758, 0.719, 0.5, 0.781, 0.688, 0.758, 0.594, 0.594, 0.781, 0.781, 0.788, 0.844, 0.469, 0.625, 0.688], ['DT', 0.848, 0.625, 0.75, 0.688, 0.719, 0.727, 0.781, 0.75, 0.719, 0.781, 0.667, 0.656, 0.656, 0.656, 0.688, 0.636, 0.719, 0.75, 0.813, 0.719, 0.909, 0.781, 0.594, 0.594, 0.563]], 'Precision': [['KNN', 0.688, 0.667, 0.703, 0.703, 0.68, 0.55, 0.676, 0.733, 0.625, 0.806, 0.75, 0.667, 0.714, 0.727, 0.583, 0.818, 0.63, 0.647, 0.706, 0.641, 0.6, 0.789, 0.656, 0.733, 0.655], ['SVM', 0.758, 0.625, 0.724, 0.568, 0.658, 0.55, 0.658, 0.677, 0.697, 0.758, 0.771, 0.657, 0.621, 0.676, 0.558, 0.714, 0.733, 0.595, 0.686, 0.614, 0.692, 0.667, 0.581, 0.742, 0.676], ['NB', 0.47, 0.439, 0.42, 0.424, 0.433, 0.4, 0.469, 0.426, 0.422, 0.464, 0.4, 0.439, 0.508, 0.419, 0.439, 0.406, 0.45, 0.419, 0.492, 0.41, 0.492, 0.432, 0.443, 0.419, 0.409], ['RF', 0.771, 0.615, 0.743, 0.686, 0.774, 0.659, 0.647, 0.8, 0.677, 0.818, 0.871, 0.722, 0.618, 0.735, 0.585, 0.818, 0.774, 0.619, 0.818, 0.722, 0.765, 0.778, 0.714, 0.828, 0.677], ['LR', 0.815, 0.611, 0.769, 0.529, 0.65, 0.583, 0.686, 0.741, 0.704, 0.71, 0.781, 0.639, 0.696, 0.714, 0.564, 0.758, 0.704, 0.576, 0.735, 0.658, 0.684, 0.675, 0.6, 0.741, 0.759], ['DT', 0.778, 0.588, 0.706, 0.733, 0.676, 0.615, 0.833, 0.774, 0.793, 0.833, 0.759, 0.778, 0.618, 0.7, 0.579, 0.677, 0.742, 0.615, 0.813, 0.719, 0.698, 0.758, 0.792, 0.655, 0.667]], 'F_score': [['KNN', 0.677, 0.677, 0.754, 0.754, 0.596, 0.603, 0.697, 0.71, 0.625, 0.853, 0.783, 0.677, 0.667, 0.738, 0.618, 0.818, 0.576, 0.667, 0.727, 0.704, 0.658, 0.857, 0.656, 0.71, 0.623], ['SVM', 0.758, 0.694, 0.689, 0.609, 0.714, 0.603, 0.714, 0.667, 0.708, 0.769, 0.794, 0.687, 0.59, 0.725, 0.64, 0.735, 0.71, 0.638, 0.716, 0.711, 0.75, 0.757, 0.571, 0.73, 0.697], ['NB', 0.626, 0.592, 0.574, 0.571, 0.565, 0.531, 0.625, 0.58, 0.563, 0.634, 0.556, 0.592, 0.659, 0.553, 0.592, 0.549, 0.587, 0.553, 0.645, 0.582, 0.653, 0.604, 0.581, 0.553, 0.551], ['RF', 0.794, 0.676, 0.776, 0.716, 0.762, 0.73, 0.667, 0.774, 0.667, 0.831, 0.844, 0.765, 0.636, 0.758, 0.658, 0.818, 0.762, 0.703, 0.831, 0.765, 0.776, 0.824, 0.746, 0.787, 0.667], ['LR', 0.733, 0.647, 0.69, 0.545, 0.722, 0.609, 0.716, 0.678, 0.644, 0.698, 0.769, 0.676, 0.582, 0.746, 0.62, 0.758, 0.644, 0.585, 0.758, 0.714, 0.732, 0.75, 0.526, 0.678, 0.721], ['DT', 0.812, 0.606, 0.727, 0.71, 0.697, 0.667, 0.806, 0.762, 0.754, 0.806, 0.71, 0.712, 0.636, 0.677, 0.629, 0.656, 0.73, 0.676, 0.813, 0.719, 0.789, 0.769, 0.679, 0.623, 0.61]], 'Accuracy': [['KNN', 0.767, 0.761, 0.807, 0.807, 0.739, 0.678, 0.773, 0.795, 0.727, 0.886, 0.833, 0.761, 0.773, 0.807, 0.705, 0.867, 0.716, 0.75, 0.795, 0.761, 0.722, 0.886, 0.75, 0.795, 0.739], ['SVM', 0.822, 0.75, 0.784, 0.693, 0.773, 0.678, 0.773, 0.761, 0.784, 0.83, 0.844, 0.761, 0.716, 0.784, 0.693, 0.8, 0.795, 0.716, 0.784, 0.75, 0.8, 0.795, 0.693, 0.807, 0.773], ['NB', 0.589, 0.545, 0.511, 0.523, 0.545, 0.489, 0.591, 0.523, 0.523, 0.58, 0.467, 0.545, 0.648, 0.523, 0.545, 0.489, 0.568, 0.523, 0.625, 0.477, 0.622, 0.523, 0.557, 0.523, 0.5], ['RF', 0.844, 0.739, 0.83, 0.784, 0.83, 0.778, 0.75, 0.841, 0.761, 0.875, 0.889, 0.818, 0.727, 0.818, 0.716, 0.867, 0.83, 0.75, 0.875, 0.818, 0.833, 0.864, 0.807, 0.852, 0.761], ['LR', 0.822, 0.727, 0.795, 0.659, 0.773, 0.7, 0.784, 0.784, 0.761, 0.784, 0.833, 0.75, 0.739, 0.807, 0.693, 0.822, 0.761, 0.693, 0.818, 0.773, 0.789, 0.795, 0.693, 0.784, 0.807], ['DT', 0.856, 0.705, 0.795, 0.795, 0.773, 0.733, 0.864, 0.83, 0.83, 0.864, 0.8, 0.807, 0.727, 0.773, 0.705, 0.756, 0.807, 0.739, 0.864, 0.795, 0.822, 0.83, 0.795, 0.739, 0.739]]}}

------------------------------------------------------------
Sender: LSF System <lsfadmin@n3n3-4>
Subject: Job 643233: </share2/aagrawa8/miniconda2/bin/python2.7 run.py _test poi.csv> Done

Job </share2/aagrawa8/miniconda2/bin/python2.7 run.py _test poi.csv> was submitted from host <login02.hpc.ncsu.edu> by user <aagrawa8> in cluster <henry2>.
Job was executed on host(s) <8*n3n3-4>, in queue <single_chassis>, as user <aagrawa8> in cluster <henry2>.
</home/aagrawa8> was used as the home directory.
</home/aagrawa8/fss16591/project/code> was used as the working directory.
Started at Mon Nov 21 16:59:09 2016
Results reported at Mon Nov 21 17:11:41 2016

Your job looked like:

------------------------------------------------------------
# LSBATCH: User input
/share2/aagrawa8/miniconda2/bin/python2.7 run.py _test poi.csv
------------------------------------------------------------

Successfully completed.

Resource usage summary:

    CPU time   :    733.98 sec.
    Max Memory :        49 MB
    Max Swap   :       828 MB

    Max Processes  :         3
    Max Threads    :        11

The output (if any) is above this job summary.



PS:

Read file <./err/poi.csv.err.643233> for stderr output of this job.

