Recall

rank ,         name ,    med   ,  iqr 
----------------------------------------------------
   1 ,           NB ,    0.58  ,  0.08 (    --*        |              ), 0.55,  0.58,  0.63
   2 ,           DT ,    0.92  ,  0.03 (               |         *    ), 0.92,  0.92,  0.94
   3 ,           RF ,    0.97  ,  0.03 (               |           -* ), 0.95,  0.97,  0.98
   3 ,           LR ,    0.98  ,  0.02 (               |            -*), 0.97,  0.98,  0.99
   4 ,          KNN ,    1.00  ,  0.01 (               |             *), 0.99,  1.00,  1.00
   4 ,          SVM ,    1.00  ,  0.00 (               |             *), 1.00,  1.00,  1.00

Precision

rank ,         name ,    med   ,  iqr 
----------------------------------------------------
   1 ,          KNN ,    0.90  ,  0.00 (   -*          |              ), 0.90,  0.90,  0.90
   1 ,           LR ,    0.90  ,  0.01 (   -*          |              ), 0.90,  0.90,  0.91
   1 ,          SVM ,    0.90  ,  0.00 (    *          |              ), 0.90,  0.90,  0.90
   2 ,           RF ,    0.91  ,  0.01 (      --*      |              ), 0.91,  0.91,  0.92
   3 ,           DT ,    0.93  ,  0.02 (          -----*              ), 0.92,  0.93,  0.93
   4 ,           NB ,    0.95  ,  0.03 (               |------*       ), 0.93,  0.95,  0.96

F_score

rank ,         name ,    med   ,  iqr 
----------------------------------------------------
   1 ,           NB ,    0.72  ,  0.05 (      -*       |              ), 0.70,  0.72,  0.75
   2 ,           DT ,    0.93  ,  0.03 (               |         --*  ), 0.91,  0.93,  0.94
   3 ,           RF ,    0.94  ,  0.01 (               |           -* ), 0.93,  0.94,  0.95
   3 ,           LR ,    0.94  ,  0.01 (               |            * ), 0.94,  0.94,  0.95
   3 ,          KNN ,    0.95  ,  0.00 (               |            -*), 0.94,  0.95,  0.95
   3 ,          SVM ,    0.95  ,  0.00 (               |             *), 0.95,  0.95,  0.95

Accuracy

rank ,         name ,    med   ,  iqr 
----------------------------------------------------
   1 ,           NB ,    0.59  ,  0.06 (    -*         |              ), 0.57,  0.59,  0.63
   2 ,           DT ,    0.87  ,  0.05 (               |        --*   ), 0.84,  0.87,  0.89
   3 ,           RF ,    0.89  ,  0.02 (               |          -*  ), 0.88,  0.89,  0.90
   3 ,           LR ,    0.89  ,  0.02 (               |           *  ), 0.89,  0.89,  0.90
   3 ,          KNN ,    0.90  ,  0.01 (               |           -* ), 0.89,  0.90,  0.90
   3 ,          SVM ,    0.90  ,  0.00 (               |            * ), 0.90,  0.90,  0.90

{'prop': {'Recall': [['KNN', 0.992, 0.983, 1.0, 0.992, 1.0, 1.0, 1.0, 0.966, 1.0, 1.0, 1.0, 1.0, 1.0, 1.0, 1.0, 1.0, 0.983, 1.0, 0.983, 1.0, 1.0, 1.0, 1.0, 0.992, 1.0], ['SVM', 1.0, 1.0, 1.0, 1.0, 1.0, 1.0, 1.0, 1.0, 1.0, 1.0, 1.0, 1.0, 1.0, 1.0, 1.0, 1.0, 1.0, 1.0, 1.0, 1.0, 1.0, 1.0, 1.0, 1.0, 1.0], ['NB', 0.63, 0.63, 0.546, 0.529, 0.576, 0.563, 0.622, 0.538, 0.605, 0.636, 0.613, 0.58, 0.689, 0.471, 0.585, 0.487, 0.571, 0.639, 0.597, 0.653, 0.546, 0.555, 0.58, 0.697, 0.551], ['RF', 0.958, 0.933, 0.933, 0.966, 0.992, 0.975, 0.975, 0.983, 0.95, 0.949, 0.95, 0.966, 0.941, 0.966, 0.983, 0.975, 0.975, 0.983, 0.941, 0.983, 0.983, 0.992, 0.95, 0.983, 0.975], ['LR', 0.992, 0.958, 0.975, 0.983, 1.0, 1.0, 1.0, 0.983, 0.941, 0.966, 0.975, 0.992, 0.983, 1.0, 0.992, 1.0, 0.983, 0.983, 0.966, 0.992, 0.992, 0.975, 0.992, 0.975, 1.0], ['DT', 0.933, 0.916, 0.899, 0.891, 0.958, 0.891, 0.924, 0.849, 0.933, 0.898, 0.916, 0.924, 0.958, 0.95, 0.958, 0.933, 0.941, 0.933, 0.874, 0.915, 0.975, 0.916, 0.933, 0.95, 0.915]], 'Precision': [['KNN', 0.894, 0.9, 0.902, 0.901, 0.901, 0.895, 0.902, 0.898, 0.902, 0.901, 0.895, 0.902, 0.902, 0.902, 0.901, 0.895, 0.9, 0.902, 0.9, 0.901, 0.895, 0.902, 0.902, 0.901, 0.901], ['SVM', 0.895, 0.902, 0.902, 0.902, 0.901, 0.895, 0.902, 0.902, 0.902, 0.901, 0.895, 0.902, 0.902, 0.902, 0.901, 0.895, 0.902, 0.902, 0.902, 0.901, 0.895, 0.902, 0.902, 0.902, 0.901], ['NB', 0.962, 0.904, 0.97, 0.955, 0.958, 0.931, 0.937, 0.955, 0.935, 0.962, 0.961, 0.945, 0.932, 0.966, 0.932, 0.967, 0.919, 0.95, 0.947, 0.951, 0.97, 0.917, 0.945, 0.933, 0.97], ['RF', 0.919, 0.902, 0.902, 0.913, 0.921, 0.913, 0.913, 0.907, 0.911, 0.933, 0.89, 0.927, 0.926, 0.913, 0.921, 0.906, 0.921, 0.914, 0.918, 0.921, 0.9, 0.922, 0.904, 0.914, 0.943], ['LR', 0.894, 0.898, 0.899, 0.907, 0.901, 0.895, 0.902, 0.9, 0.896, 0.912, 0.892, 0.901, 0.907, 0.902, 0.907, 0.902, 0.9, 0.907, 0.898, 0.9, 0.901, 0.906, 0.908, 0.899, 0.901], ['DT', 0.91, 0.901, 0.922, 0.93, 0.934, 0.906, 0.932, 0.944, 0.933, 0.922, 0.916, 0.932, 0.919, 0.926, 0.934, 0.949, 0.918, 0.933, 0.937, 0.931, 0.913, 0.94, 0.91, 0.934, 0.939]], 'F_score': [['KNN', 0.94, 0.94, 0.948, 0.944, 0.948, 0.944, 0.948, 0.931, 0.948, 0.948, 0.944, 0.948, 0.948, 0.948, 0.948, 0.944, 0.94, 0.948, 0.94, 0.948, 0.944, 0.948, 0.948, 0.944, 0.948], ['SVM', 0.944, 0.948, 0.948, 0.948, 0.948, 0.944, 0.948, 0.948, 0.948, 0.948, 0.944, 0.948, 0.948, 0.948, 0.948, 0.944, 0.948, 0.948, 0.948, 0.948, 0.944, 0.948, 0.948, 0.948, 0.948], ['NB', 0.761, 0.743, 0.699, 0.681, 0.72, 0.702, 0.747, 0.688, 0.735, 0.765, 0.749, 0.719, 0.792, 0.633, 0.719, 0.648, 0.705, 0.764, 0.732, 0.774, 0.699, 0.691, 0.719, 0.798, 0.703], ['RF', 0.938, 0.917, 0.917, 0.939, 0.955, 0.943, 0.943, 0.944, 0.93, 0.941, 0.919, 0.947, 0.933, 0.939, 0.951, 0.939, 0.947, 0.947, 0.929, 0.951, 0.94, 0.955, 0.926, 0.947, 0.958], ['LR', 0.94, 0.927, 0.935, 0.944, 0.948, 0.944, 0.948, 0.94, 0.918, 0.938, 0.932, 0.944, 0.944, 0.948, 0.947, 0.948, 0.94, 0.944, 0.931, 0.944, 0.944, 0.939, 0.948, 0.935, 0.948], ['DT', 0.921, 0.908, 0.911, 0.91, 0.946, 0.898, 0.928, 0.894, 0.933, 0.91, 0.916, 0.928, 0.938, 0.938, 0.946, 0.941, 0.929, 0.933, 0.904, 0.923, 0.943, 0.928, 0.921, 0.942, 0.927]], 'Accuracy': [['KNN', 0.887, 0.886, 0.902, 0.894, 0.901, 0.895, 0.902, 0.871, 0.902, 0.901, 0.895, 0.902, 0.902, 0.902, 0.901, 0.895, 0.886, 0.902, 0.886, 0.901, 0.895, 0.902, 0.902, 0.894, 0.901], ['SVM', 0.895, 0.902, 0.902, 0.902, 0.901, 0.895, 0.902, 0.902, 0.902, 0.901, 0.895, 0.902, 0.902, 0.902, 0.901, 0.895, 0.902, 0.902, 0.902, 0.901, 0.895, 0.902, 0.902, 0.902, 0.901], ['NB', 0.647, 0.606, 0.576, 0.553, 0.595, 0.571, 0.621, 0.561, 0.606, 0.649, 0.632, 0.591, 0.674, 0.508, 0.588, 0.526, 0.568, 0.644, 0.606, 0.656, 0.579, 0.553, 0.591, 0.682, 0.58], ['RF', 0.887, 0.848, 0.848, 0.886, 0.916, 0.895, 0.894, 0.894, 0.871, 0.893, 0.85, 0.902, 0.879, 0.886, 0.908, 0.887, 0.902, 0.902, 0.871, 0.908, 0.887, 0.917, 0.864, 0.902, 0.924], ['LR', 0.887, 0.864, 0.879, 0.894, 0.901, 0.895, 0.902, 0.886, 0.848, 0.885, 0.872, 0.894, 0.894, 0.902, 0.901, 0.902, 0.886, 0.894, 0.871, 0.893, 0.895, 0.886, 0.902, 0.879, 0.901], ['DT', 0.857, 0.833, 0.841, 0.841, 0.901, 0.82, 0.871, 0.818, 0.879, 0.84, 0.85, 0.871, 0.886, 0.886, 0.901, 0.895, 0.871, 0.879, 0.833, 0.863, 0.895, 0.871, 0.856, 0.894, 0.87]]}}

------------------------------------------------------------
Sender: LSF System <lsfadmin@n3n3-5>
Subject: Job 643234: </share2/aagrawa8/miniconda2/bin/python2.7 run.py _test prop.csv> Done

Job </share2/aagrawa8/miniconda2/bin/python2.7 run.py _test prop.csv> was submitted from host <login02.hpc.ncsu.edu> by user <aagrawa8> in cluster <henry2>.
Job was executed on host(s) <8*n3n3-5>, in queue <single_chassis>, as user <aagrawa8> in cluster <henry2>.
</home/aagrawa8> was used as the home directory.
</home/aagrawa8/fss16591/project/code> was used as the working directory.
Started at Mon Nov 21 16:59:09 2016
Results reported at Mon Nov 21 17:25:08 2016

Your job looked like:

------------------------------------------------------------
# LSBATCH: User input
/share2/aagrawa8/miniconda2/bin/python2.7 run.py _test prop.csv
------------------------------------------------------------

Successfully completed.

Resource usage summary:

    CPU time   :   1541.29 sec.
    Max Memory :        52 MB
    Max Swap   :       829 MB

    Max Processes  :         3
    Max Threads    :        11

The output (if any) is above this job summary.



PS:

Read file <./err/prop.csv.err.643234> for stderr output of this job.

