Recall

rank ,         name ,    med   ,  iqr 
----------------------------------------------------
   1 ,           NB ,    0.23  ,  0.10 (  --*          |              ), 0.17,  0.23,  0.27
   2 ,           DT ,    0.90  ,  0.10 (               |        --*   ), 0.83,  0.90,  0.93
   3 ,          SVM ,    0.97  ,  0.03 (               |            * ), 0.97,  0.97,  1.00
   3 ,           RF ,    0.97  ,  0.07 (               |           -* ), 0.93,  0.97,  1.00
   3 ,           LR ,    0.97  ,  0.07 (               |           -* ), 0.93,  0.97,  1.00
   4 ,          KNN ,    1.00  ,  0.00 (               |             *), 1.00,  1.00,  1.00

Precision

rank ,         name ,    med   ,  iqr 
----------------------------------------------------
   1 ,          KNN ,    0.86  ,  0.02 (    ----*      |              ), 0.83,  0.86,  0.86
   2 ,          SVM ,    0.91  ,  0.06 (           ----*              ), 0.88,  0.91,  0.94
   2 ,           LR ,    0.91  ,  0.06 (           ----*              ), 0.88,  0.91,  0.94
   2 ,           RF ,    0.91  ,  0.06 (           ----|*             ), 0.88,  0.91,  0.94
   2 ,           DT ,    0.93  ,  0.09 (          -----|---*          ), 0.87,  0.93,  0.96
   3 ,           NB ,    1.00  ,  0.00 (               |             *), 1.00,  1.00,  1.00

F_score

rank ,         name ,    med   ,  iqr 
----------------------------------------------------
   1 ,           NB ,    0.38  ,  0.12 (   ----*       |              ), 0.29,  0.38,  0.41
   2 ,           DT ,    0.92  ,  0.07 (               |          -*  ), 0.88,  0.92,  0.95
   2 ,          KNN ,    0.92  ,  0.01 (               |           -* ), 0.91,  0.92,  0.92
   3 ,           LR ,    0.93  ,  0.03 (               |            * ), 0.92,  0.93,  0.95
   3 ,          SVM ,    0.94  ,  0.03 (               |            * ), 0.92,  0.94,  0.95
   3 ,           RF ,    0.94  ,  0.03 (               |            * ), 0.92,  0.94,  0.95

Accuracy

rank ,         name ,    med   ,  iqr 
----------------------------------------------------
   1 ,           NB ,    0.33  ,  0.08 (  --*          |              ), 0.29,  0.33,  0.36
   2 ,           DT ,    0.85  ,  0.11 (               |       ---*   ), 0.80,  0.85,  0.91
   2 ,          KNN ,    0.86  ,  0.02 (               |         -*   ), 0.83,  0.86,  0.86
   3 ,           LR ,    0.89  ,  0.05 (               |          -*  ), 0.86,  0.89,  0.91
   3 ,          SVM ,    0.89  ,  0.05 (               |          -*  ), 0.86,  0.89,  0.91
   3 ,           RF ,    0.89  ,  0.05 (               |          -*  ), 0.86,  0.89,  0.91

{'redaktor': {'Recall': [['KNN', 1.0, 1.0, 1.0, 1.0, 1.0, 1.0, 0.933, 1.0, 1.0, 1.0, 1.0, 1.0, 1.0, 1.0, 1.0, 1.0, 0.967, 1.0, 1.0, 1.0, 1.0, 1.0, 1.0, 1.0, 1.0], ['SVM', 0.967, 0.9, 0.967, 0.9, 1.0, 0.933, 1.0, 0.9, 1.0, 1.0, 0.967, 1.0, 0.967, 0.933, 0.966, 1.0, 0.967, 0.967, 0.933, 1.0, 0.967, 0.967, 1.0, 0.967, 0.966], ['NB', 0.233, 0.3, 0.167, 0.167, 0.276, 0.233, 0.233, 0.167, 0.267, 0.103, 0.4, 0.267, 0.167, 0.167, 0.172, 0.2, 0.333, 0.233, 0.267, 0.138, 0.4, 0.2, 0.167, 0.167, 0.276], ['RF', 0.867, 0.967, 0.967, 0.933, 1.0, 1.0, 0.833, 0.967, 1.0, 0.931, 1.0, 1.0, 0.967, 0.933, 0.966, 1.0, 0.933, 1.0, 0.933, 1.0, 0.9, 0.967, 0.967, 0.967, 0.966], ['LR', 0.967, 0.9, 0.967, 0.9, 1.0, 0.933, 0.967, 0.9, 0.967, 1.0, 0.967, 1.0, 0.9, 1.0, 0.897, 0.967, 0.967, 1.0, 0.933, 0.966, 1.0, 0.933, 1.0, 0.967, 0.966], ['DT', 0.9, 0.833, 0.833, 0.9, 1.0, 1.0, 0.767, 0.933, 0.967, 0.931, 0.867, 0.867, 0.933, 0.733, 0.897, 0.9, 0.833, 0.967, 0.9, 0.966, 0.833, 0.867, 0.933, 0.833, 0.931]], 'Precision': [['KNN', 0.833, 0.833, 0.857, 0.857, 0.853, 0.857, 0.848, 0.857, 0.857, 0.853, 0.833, 0.833, 0.857, 0.857, 0.853, 0.857, 0.829, 0.857, 0.857, 0.879, 0.833, 0.833, 0.857, 0.882, 0.879], ['SVM', 0.935, 0.9, 0.935, 0.844, 0.906, 0.875, 0.882, 0.964, 0.909, 0.935, 0.853, 0.882, 0.906, 0.933, 0.966, 0.909, 0.853, 0.935, 0.966, 0.879, 0.879, 0.935, 0.938, 0.906, 0.875], ['NB', 1.0, 1.0, 1.0, 1.0, 0.8, 1.0, 1.0, 1.0, 0.889, 1.0, 0.857, 1.0, 1.0, 1.0, 1.0, 1.0, 0.909, 1.0, 1.0, 1.0, 0.857, 1.0, 1.0, 1.0, 0.8], ['RF', 0.929, 0.935, 0.935, 0.848, 0.906, 0.857, 0.862, 0.967, 0.882, 0.931, 0.882, 0.857, 0.935, 0.933, 0.966, 0.938, 0.824, 0.909, 1.0, 0.906, 0.871, 0.967, 0.935, 0.906, 0.875], ['LR', 0.935, 0.871, 0.935, 0.844, 0.935, 0.875, 0.879, 0.964, 0.906, 0.935, 0.853, 0.909, 0.871, 0.938, 0.963, 0.879, 0.879, 0.938, 0.933, 0.903, 0.857, 0.933, 0.909, 0.906, 0.875], ['DT', 0.9, 0.926, 0.962, 0.871, 0.935, 0.857, 0.821, 0.966, 0.967, 0.964, 0.867, 0.867, 0.933, 0.957, 0.963, 0.931, 0.806, 0.967, 1.0, 0.933, 0.862, 0.929, 0.933, 0.926, 0.9]], 'F_score': [['KNN', 0.909, 0.909, 0.923, 0.923, 0.921, 0.923, 0.889, 0.923, 0.923, 0.921, 0.909, 0.909, 0.923, 0.923, 0.921, 0.923, 0.892, 0.923, 0.923, 0.935, 0.909, 0.909, 0.923, 0.938, 0.935], ['SVM', 0.951, 0.9, 0.951, 0.871, 0.951, 0.903, 0.938, 0.931, 0.952, 0.967, 0.906, 0.938, 0.935, 0.933, 0.966, 0.952, 0.906, 0.951, 0.949, 0.935, 0.921, 0.951, 0.968, 0.935, 0.918], ['NB', 0.378, 0.462, 0.286, 0.286, 0.41, 0.378, 0.378, 0.286, 0.41, 0.188, 0.545, 0.421, 0.286, 0.286, 0.294, 0.333, 0.488, 0.378, 0.421, 0.242, 0.545, 0.333, 0.286, 0.286, 0.41], ['RF', 0.897, 0.951, 0.951, 0.889, 0.951, 0.923, 0.847, 0.967, 0.938, 0.931, 0.938, 0.923, 0.951, 0.933, 0.966, 0.968, 0.875, 0.952, 0.966, 0.951, 0.885, 0.967, 0.951, 0.935, 0.918], ['LR', 0.951, 0.885, 0.951, 0.871, 0.967, 0.903, 0.921, 0.931, 0.935, 0.967, 0.906, 0.952, 0.885, 0.968, 0.929, 0.921, 0.921, 0.968, 0.933, 0.933, 0.923, 0.933, 0.952, 0.935, 0.918], ['DT', 0.9, 0.877, 0.893, 0.885, 0.967, 0.923, 0.793, 0.949, 0.967, 0.947, 0.867, 0.867, 0.933, 0.83, 0.929, 0.915, 0.82, 0.967, 0.947, 0.949, 0.847, 0.897, 0.933, 0.877, 0.915]], 'Accuracy': [['KNN', 0.833, 0.833, 0.857, 0.857, 0.853, 0.861, 0.806, 0.857, 0.857, 0.853, 0.833, 0.833, 0.857, 0.857, 0.853, 0.861, 0.806, 0.857, 0.857, 0.882, 0.833, 0.833, 0.857, 0.886, 0.882], ['SVM', 0.917, 0.833, 0.914, 0.771, 0.912, 0.833, 0.889, 0.886, 0.914, 0.941, 0.833, 0.889, 0.886, 0.886, 0.941, 0.917, 0.833, 0.914, 0.914, 0.882, 0.861, 0.917, 0.943, 0.886, 0.853], ['NB', 0.361, 0.417, 0.286, 0.286, 0.324, 0.361, 0.361, 0.286, 0.343, 0.235, 0.444, 0.389, 0.286, 0.286, 0.294, 0.333, 0.417, 0.343, 0.371, 0.265, 0.444, 0.333, 0.286, 0.286, 0.324], ['RF', 0.833, 0.917, 0.914, 0.8, 0.912, 0.861, 0.75, 0.943, 0.886, 0.882, 0.889, 0.861, 0.914, 0.886, 0.941, 0.944, 0.778, 0.914, 0.943, 0.912, 0.806, 0.944, 0.914, 0.886, 0.853], ['LR', 0.917, 0.806, 0.914, 0.771, 0.941, 0.833, 0.861, 0.886, 0.886, 0.941, 0.833, 0.917, 0.8, 0.943, 0.882, 0.861, 0.861, 0.943, 0.886, 0.882, 0.861, 0.889, 0.914, 0.886, 0.853], ['DT', 0.833, 0.806, 0.829, 0.8, 0.941, 0.861, 0.667, 0.914, 0.943, 0.912, 0.778, 0.778, 0.886, 0.743, 0.882, 0.861, 0.694, 0.943, 0.914, 0.912, 0.75, 0.833, 0.886, 0.8, 0.853]]}}

------------------------------------------------------------
Sender: LSF System <lsfadmin@n3n3-6>
Subject: Job 643235: </share2/aagrawa8/miniconda2/bin/python2.7 run.py _test redaktor.csv> Done

Job </share2/aagrawa8/miniconda2/bin/python2.7 run.py _test redaktor.csv> was submitted from host <login02.hpc.ncsu.edu> by user <aagrawa8> in cluster <henry2>.
Job was executed on host(s) <8*n3n3-6>, in queue <single_chassis>, as user <aagrawa8> in cluster <henry2>.
</home/aagrawa8> was used as the home directory.
</home/aagrawa8/fss16591/project/code> was used as the working directory.
Started at Mon Nov 21 16:59:09 2016
Results reported at Mon Nov 21 17:02:51 2016

Your job looked like:

------------------------------------------------------------
# LSBATCH: User input
/share2/aagrawa8/miniconda2/bin/python2.7 run.py _test redaktor.csv
------------------------------------------------------------

Successfully completed.

Resource usage summary:

    CPU time   :    204.85 sec.
    Max Memory :        48 MB
    Max Swap   :       828 MB

    Max Processes  :         3
    Max Threads    :        11

The output (if any) is above this job summary.



PS:

Read file <./err/redaktor.csv.err.643235> for stderr output of this job.

