Recall

rank ,         name ,    med   ,  iqr 
----------------------------------------------------
   1 ,           DT ,    0.77  ,  0.12 (     -----*    |              ), 0.71,  0.77,  0.82
   2 ,           NB ,    0.82  ,  0.09 (            ---*              ), 0.79,  0.82,  0.88
   2 ,          KNN ,    0.85  ,  0.09 (               |-*            ), 0.82,  0.85,  0.91
   3 ,          SVM ,    0.88  ,  0.09 (               | --*          ), 0.85,  0.88,  0.94
   3 ,           RF ,    0.88  ,  0.09 (               |---*          ), 0.82,  0.88,  0.91
   3 ,           LR ,    0.88  ,  0.09 (               | --*          ), 0.85,  0.88,  0.94

Precision

rank ,         name ,    med   ,  iqr 
----------------------------------------------------
   1 ,          KNN ,    0.74  ,  0.05 (       ---*    |              ), 0.72,  0.74,  0.77
   1 ,          SVM ,    0.74  ,  0.04 (       ---*    |              ), 0.72,  0.74,  0.76
   1 ,           LR ,    0.76  ,  0.05 (        ---*   |              ), 0.73,  0.76,  0.78
   1 ,           RF ,    0.76  ,  0.06 (         ---*  |              ), 0.74,  0.76,  0.80
   2 ,           DT ,    0.77  ,  0.09 (          ---* |              ), 0.75,  0.77,  0.84
   2 ,           NB ,    0.78  ,  0.05 (          ---* |              ), 0.75,  0.78,  0.80

F_score

rank ,         name ,    med   ,  iqr 
----------------------------------------------------
   1 ,           DT ,    0.79  ,  0.08 (       -------*|              ), 0.73,  0.79,  0.82
   2 ,           NB ,    0.80  ,  0.04 (              -*              ), 0.79,  0.80,  0.83
   2 ,          KNN ,    0.81  ,  0.06 (            ---|*             ), 0.77,  0.81,  0.83
   2 ,          SVM ,    0.81  ,  0.05 (             --|*             ), 0.78,  0.81,  0.83
   2 ,           LR ,    0.82  ,  0.04 (              -|-*            ), 0.79,  0.82,  0.83
   2 ,           RF ,    0.82  ,  0.04 (              -|--*           ), 0.80,  0.82,  0.84

Accuracy

rank ,         name ,    med   ,  iqr 
----------------------------------------------------
   1 ,          KNN ,    0.71  ,  0.06 (            --*|              ), 0.69,  0.71,  0.75
   1 ,           DT ,    0.71  ,  0.11 (         -----*|              ), 0.65,  0.71,  0.77
   1 ,          SVM ,    0.72  ,  0.06 (            ---*              ), 0.69,  0.72,  0.75
   1 ,           NB ,    0.72  ,  0.06 (              -*              ), 0.71,  0.72,  0.77
   1 ,           RF ,    0.74  ,  0.06 (              -|-*            ), 0.71,  0.74,  0.77
   1 ,           LR ,    0.74  ,  0.07 (            ---|-*            ), 0.69,  0.74,  0.77

{'synapse': {'Recall': [['KNN', 0.824, 0.941, 0.882, 0.765, 0.824, 0.882, 0.853, 0.912, 0.882, 0.824, 0.941, 0.794, 0.853, 0.912, 0.824, 0.765, 0.794, 0.971, 0.824, 1.0, 0.912, 0.853, 0.853, 0.794, 0.853], ['SVM', 0.971, 0.941, 0.853, 0.794, 0.853, 0.941, 0.824, 0.912, 0.824, 0.794, 0.941, 0.853, 0.853, 0.941, 0.882, 0.824, 0.824, 0.971, 0.882, 0.971, 0.941, 0.853, 0.853, 0.912, 0.912], ['NB', 0.912, 0.941, 0.824, 0.676, 0.794, 0.853, 0.794, 0.941, 0.824, 0.853, 0.941, 0.765, 0.853, 0.882, 0.794, 0.765, 0.794, 0.882, 0.824, 0.882, 0.824, 0.794, 0.882, 0.912, 0.824], ['RF', 0.853, 0.941, 0.882, 0.853, 0.824, 0.941, 0.853, 0.912, 0.882, 0.882, 0.941, 0.853, 0.824, 0.912, 0.794, 0.794, 0.794, 0.912, 0.882, 1.0, 0.912, 0.824, 0.794, 0.912, 0.882], ['LR', 0.941, 0.941, 0.853, 0.824, 0.765, 0.941, 0.824, 0.912, 0.824, 0.853, 0.941, 0.882, 0.882, 0.941, 0.853, 0.824, 0.824, 0.941, 0.882, 0.941, 0.882, 0.853, 0.882, 0.912, 0.882], ['DT', 0.882, 0.794, 0.735, 0.765, 0.647, 0.824, 0.706, 0.853, 0.735, 0.794, 0.706, 0.735, 0.647, 0.882, 0.765, 0.676, 0.706, 0.824, 0.765, 0.765, 0.882, 0.706, 0.765, 0.706, 0.853]], 'Precision': [['KNN', 0.7, 0.744, 0.769, 0.722, 0.757, 0.769, 0.674, 0.738, 0.789, 0.848, 0.744, 0.75, 0.806, 0.721, 0.737, 0.765, 0.73, 0.733, 0.757, 0.756, 0.721, 0.707, 0.806, 0.771, 0.707], ['SVM', 0.688, 0.744, 0.744, 0.794, 0.763, 0.744, 0.683, 0.756, 0.737, 0.771, 0.744, 0.69, 0.763, 0.762, 0.811, 0.737, 0.718, 0.767, 0.769, 0.75, 0.711, 0.69, 0.853, 0.738, 0.721], ['NB', 0.705, 0.78, 0.757, 0.852, 0.794, 0.806, 0.73, 0.842, 0.757, 0.784, 0.78, 0.722, 0.829, 0.789, 0.794, 0.839, 0.73, 0.769, 0.757, 0.75, 0.8, 0.675, 0.833, 0.795, 0.718], ['RF', 0.725, 0.842, 0.732, 0.829, 0.778, 0.889, 0.763, 0.756, 0.682, 0.789, 0.762, 0.744, 0.824, 0.756, 0.692, 0.75, 0.75, 0.775, 0.769, 0.723, 0.795, 0.737, 0.844, 0.816, 0.732], ['LR', 0.681, 0.78, 0.744, 0.8, 0.765, 0.8, 0.683, 0.756, 0.778, 0.784, 0.8, 0.714, 0.789, 0.744, 0.806, 0.737, 0.718, 0.744, 0.769, 0.762, 0.714, 0.707, 0.857, 0.738, 0.732], ['DT', 0.75, 0.931, 0.735, 0.813, 0.815, 0.848, 0.649, 0.853, 0.735, 0.844, 0.75, 0.735, 0.759, 0.789, 0.765, 0.767, 0.774, 0.824, 0.839, 0.839, 0.811, 0.75, 0.839, 0.774, 0.744]], 'F_score': [['KNN', 0.757, 0.831, 0.822, 0.743, 0.789, 0.822, 0.753, 0.816, 0.833, 0.836, 0.831, 0.771, 0.829, 0.805, 0.778, 0.765, 0.761, 0.835, 0.789, 0.861, 0.805, 0.773, 0.829, 0.783, 0.773], ['SVM', 0.805, 0.831, 0.795, 0.794, 0.806, 0.831, 0.747, 0.827, 0.778, 0.783, 0.831, 0.763, 0.806, 0.842, 0.845, 0.778, 0.767, 0.857, 0.822, 0.846, 0.81, 0.763, 0.853, 0.816, 0.805], ['NB', 0.795, 0.853, 0.789, 0.754, 0.794, 0.829, 0.761, 0.889, 0.789, 0.817, 0.853, 0.743, 0.841, 0.833, 0.794, 0.8, 0.761, 0.822, 0.789, 0.811, 0.812, 0.73, 0.857, 0.849, 0.767], ['RF', 0.784, 0.889, 0.8, 0.841, 0.8, 0.914, 0.806, 0.827, 0.769, 0.833, 0.842, 0.795, 0.824, 0.827, 0.74, 0.771, 0.771, 0.838, 0.822, 0.84, 0.849, 0.778, 0.818, 0.861, 0.8], ['LR', 0.79, 0.853, 0.795, 0.812, 0.765, 0.865, 0.747, 0.827, 0.8, 0.817, 0.865, 0.789, 0.833, 0.831, 0.829, 0.778, 0.767, 0.831, 0.822, 0.842, 0.789, 0.773, 0.87, 0.816, 0.8], ['DT', 0.811, 0.857, 0.735, 0.788, 0.721, 0.836, 0.676, 0.853, 0.735, 0.818, 0.727, 0.735, 0.698, 0.833, 0.765, 0.719, 0.738, 0.824, 0.8, 0.8, 0.845, 0.727, 0.8, 0.738, 0.795]], 'Accuracy': [['KNN', 0.654, 0.745, 0.745, 0.647, 0.706, 0.75, 0.627, 0.725, 0.765, 0.784, 0.75, 0.686, 0.765, 0.706, 0.686, 0.692, 0.667, 0.745, 0.706, 0.784, 0.712, 0.667, 0.765, 0.706, 0.667], ['SVM', 0.692, 0.745, 0.706, 0.725, 0.725, 0.75, 0.627, 0.745, 0.686, 0.706, 0.75, 0.647, 0.725, 0.765, 0.784, 0.692, 0.667, 0.784, 0.745, 0.765, 0.712, 0.647, 0.804, 0.725, 0.706], ['NB', 0.692, 0.784, 0.706, 0.706, 0.725, 0.769, 0.667, 0.843, 0.706, 0.745, 0.788, 0.647, 0.784, 0.765, 0.725, 0.75, 0.667, 0.745, 0.706, 0.725, 0.75, 0.608, 0.804, 0.784, 0.667], ['RF', 0.692, 0.843, 0.706, 0.784, 0.725, 0.885, 0.725, 0.745, 0.647, 0.765, 0.769, 0.706, 0.765, 0.745, 0.627, 0.692, 0.686, 0.765, 0.745, 0.745, 0.788, 0.686, 0.765, 0.804, 0.706], ['LR', 0.673, 0.784, 0.706, 0.745, 0.686, 0.808, 0.627, 0.745, 0.725, 0.745, 0.808, 0.686, 0.765, 0.745, 0.765, 0.692, 0.667, 0.745, 0.745, 0.765, 0.692, 0.667, 0.824, 0.725, 0.706], ['DT', 0.731, 0.824, 0.647, 0.725, 0.667, 0.788, 0.549, 0.804, 0.647, 0.765, 0.654, 0.647, 0.627, 0.765, 0.686, 0.654, 0.667, 0.765, 0.745, 0.745, 0.788, 0.647, 0.745, 0.667, 0.706]]}}

------------------------------------------------------------
Sender: LSF System <lsfadmin@n3n3-10>
Subject: Job 643236: </share2/aagrawa8/miniconda2/bin/python2.7 run.py _test synapse.csv> Done

Job </share2/aagrawa8/miniconda2/bin/python2.7 run.py _test synapse.csv> was submitted from host <login02.hpc.ncsu.edu> by user <aagrawa8> in cluster <henry2>.
Job was executed on host(s) <8*n3n3-10>, in queue <single_chassis>, as user <aagrawa8> in cluster <henry2>.
</home/aagrawa8> was used as the home directory.
</home/aagrawa8/fss16591/project/code> was used as the working directory.
Started at Mon Nov 21 16:59:09 2016
Results reported at Mon Nov 21 17:04:19 2016

Your job looked like:

------------------------------------------------------------
# LSBATCH: User input
/share2/aagrawa8/miniconda2/bin/python2.7 run.py _test synapse.csv
------------------------------------------------------------

Successfully completed.

Resource usage summary:

    CPU time   :    292.45 sec.
    Max Memory :        51 MB
    Max Swap   :       828 MB

    Max Processes  :         3
    Max Threads    :        11

The output (if any) is above this job summary.



PS:

Read file <./err/synapse.csv.err.643236> for stderr output of this job.

