Recall

rank ,         name ,    med   ,  iqr 
----------------------------------------------------
   1 ,           LR ,    0.00  ,  0.00 (*              |              ), 0.00,  0.00,  0.00
   2 ,          KNN ,    0.50  ,  0.50 (--------------*|              ), 0.00,  0.50,  0.50
   2 ,          SVM ,    0.50  ,  1.00 (--------------*|              ), 0.00,  0.50,  1.00
   2 ,           RF ,    0.50  ,  1.00 (--------------*|              ), 0.00,  0.50,  1.00
   2 ,           DT ,    0.50  ,  0.50 (              *|              ), 0.50,  0.50,  1.00
   2 ,           NB ,    1.00  ,  0.50 (              -|-------------*), 0.50,  1.00,  1.00

Precision

rank ,         name ,    med   ,  iqr 
----------------------------------------------------
   1 ,           LR ,    0.00  ,  0.00 (*              |              ), 0.00,  0.00,  0.00
   1 ,           NB ,    0.06  ,  0.04 ( *             |              ), 0.04,  0.06,  0.08
   2 ,          KNN ,    0.50  ,  1.00 (--------------*|              ), 0.00,  0.50,  1.00
   2 ,          SVM ,    0.50  ,  0.67 (--------------*|              ), 0.00,  0.50,  0.67
   2 ,           DT ,    0.50  ,  0.67 (         -----*|              ), 0.33,  0.50,  1.00
   2 ,           RF ,    1.00  ,  1.00 (---------------|-------------*), 0.00,  1.00,  1.00

F_score

rank ,         name ,    med   ,  iqr 
----------------------------------------------------
   1 ,           LR ,    0.00  ,  0.00 (*              |              ), 0.00,  0.00,  0.00
   1 ,           NB ,    0.11  ,  0.07 (  -*           |              ), 0.08,  0.11,  0.15
   2 ,          KNN ,    0.50  ,  0.67 (--------------*|              ), 0.00,  0.50,  0.67
   2 ,          SVM ,    0.50  ,  0.67 (--------------*|              ), 0.00,  0.50,  0.67
   2 ,           RF ,    0.67  ,  1.00 (---------------|----*         ), 0.00,  0.67,  1.00
   2 ,           DT ,    0.67  ,  0.47 (         ------|----*         ), 0.33,  0.67,  0.80

Accuracy

rank ,         name ,    med   ,  iqr 
----------------------------------------------------
   1 ,           LR ,    0.00  ,  0.00 (*              |              ), 0.00,  0.00,  0.00
   2 ,           NB ,    0.85  ,  0.06 (               |        -*    ), 0.82,  0.85,  0.87
   2 ,          KNN ,    0.99  ,  0.99 (---------------|-------------*), 0.00,  0.99,  0.99
   2 ,          SVM ,    0.99  ,  0.99 (---------------|-------------*), 0.00,  0.99,  0.99
   2 ,           DT ,    0.99  ,  0.02 (               |             *), 0.98,  0.99,  0.99
   2 ,           RF ,    0.99  ,  1.00 (---------------|-------------*), 0.00,  0.99,  1.00

{'xalan': {'Recall': [['KNN', 0.667, 0.5, 0.0, 0.0, 1.0, 0.0, 0.0, 0.5, 0.5, 0.5, 0.0, 0.0, 0.0, 0.5, 1.0, 0.333, 1.0, 0.0, 0.5, 0.5, 0.333, 0.0, 0.5, 1.0, 0.5], ['SVM', 0.667, 1.0, 0.0, 0.0, 1.0, 1.0, 0.0, 0.5, 0.5, 0.5, 1.0, 0.0, 0.0, 0.5, 1.0, 0.667, 1.0, 0.0, 0.5, 0.5, 0.333, 0.0, 1.0, 1.0, 0.5], ['NB', 1.0, 1.0, 0.0, 0.0, 1.0, 1.0, 0.0, 1.0, 0.5, 1.0, 1.0, 0.5, 0.0, 1.0, 1.0, 0.667, 1.0, 0.0, 1.0, 0.5, 0.667, 0.0, 1.0, 1.0, 0.5], ['RF', 0.667, 1.0, 0.0, 0.0, 1.0, 1.0, 0.0, 0.5, 0.5, 0.5, 1.0, 0.0, 0.0, 0.5, 1.0, 0.667, 1.0, 0.0, 0.5, 0.5, 0.333, 0.0, 1.0, 1.0, 0.5], ['LR', 0.667, 0.0, 0.0, 0.0, 0.0, 0.0, 0.0, 0.0, 0.5, 0.5, 0.0, 0.0, 0.0, 0.0, 0.0, 0.333, 1.0, 0.0, 0.0, 0.0, 0.0, 0.0, 0.0, 0.0, 0.5], ['DT', 0.667, 1.0, 0.0, 0.5, 1.0, 1.0, 0.0, 0.5, 0.5, 0.5, 1.0, 0.5, 0.0, 0.5, 1.0, 0.667, 1.0, 0.0, 0.5, 1.0, 0.333, 0.0, 1.0, 1.0, 0.5]], 'Precision': [['KNN', 1.0, 1.0, 0.0, 0.0, 1.0, 0.0, 0.0, 1.0, 1.0, 0.333, 0.0, 0.0, 0.0, 1.0, 1.0, 1.0, 1.0, 0.0, 0.5, 1.0, 0.5, 0.0, 1.0, 0.5, 1.0], ['SVM', 0.5, 0.5, 0.0, 0.0, 1.0, 0.6, 0.0, 1.0, 0.25, 0.333, 0.75, 0.0, 0.0, 0.5, 1.0, 0.667, 0.286, 0.0, 1.0, 0.5, 0.5, 0.0, 0.667, 1.0, 0.5], ['NB', 0.103, 0.08, 0.0, 0.0, 0.061, 0.097, 0.0, 0.083, 0.053, 0.059, 0.094, 0.059, 0.0, 0.067, 0.095, 0.083, 0.067, 0.0, 0.083, 0.043, 0.074, 0.0, 0.067, 0.057, 0.045], ['RF', 1.0, 1.0, 0.0, 0.0, 1.0, 1.0, 0.0, 1.0, 1.0, 0.333, 1.0, 0.0, 0.0, 1.0, 1.0, 1.0, 1.0, 0.0, 1.0, 1.0, 1.0, 0.0, 1.0, 1.0, 1.0], ['LR', 0.5, 0.0, 0.0, 0.0, 0.0, 0.0, 0.0, 0.0, 0.333, 0.333, 0.0, 0.0, 0.0, 0.0, 0.0, 0.5, 0.4, 0.0, 0.0, 0.0, 0.0, 0.0, 0.0, 0.0, 0.5], ['DT', 1.0, 0.667, 0.0, 1.0, 0.667, 0.75, 0.0, 1.0, 0.5, 0.25, 1.0, 0.333, 0.0, 1.0, 0.5, 0.667, 1.0, 0.0, 0.5, 0.667, 0.333, 0.0, 0.4, 1.0, 0.5]], 'F_score': [['KNN', 0.8, 0.667, 0.0, 0.0, 1.0, 0.0, 0.0, 0.667, 0.667, 0.4, 0.0, 0.0, 0.0, 0.667, 1.0, 0.5, 1.0, 0.0, 0.5, 0.667, 0.4, 0.0, 0.667, 0.667, 0.667], ['SVM', 0.571, 0.667, 0.0, 0.0, 1.0, 0.75, 0.0, 0.667, 0.333, 0.4, 0.857, 0.0, 0.0, 0.5, 1.0, 0.667, 0.444, 0.0, 0.667, 0.5, 0.4, 0.0, 0.8, 1.0, 0.5], ['NB', 0.188, 0.148, 0.0, 0.0, 0.114, 0.176, 0.0, 0.154, 0.095, 0.111, 0.171, 0.105, 0.0, 0.125, 0.174, 0.148, 0.125, 0.0, 0.154, 0.08, 0.133, 0.0, 0.125, 0.108, 0.083], ['RF', 0.8, 1.0, 0.0, 0.0, 1.0, 1.0, 0.0, 0.667, 0.667, 0.4, 1.0, 0.0, 0.0, 0.667, 1.0, 0.8, 1.0, 0.0, 0.667, 0.667, 0.5, 0.0, 1.0, 1.0, 0.667], ['LR', 0.571, 0.0, 0.0, 0.0, 0.0, 0.0, 0.0, 0.0, 0.4, 0.4, 0.0, 0.0, 0.0, 0.0, 0.0, 0.4, 0.571, 0.0, 0.0, 0.0, 0.0, 0.0, 0.0, 0.0, 0.5], ['DT', 0.8, 0.8, 0.0, 0.667, 0.8, 0.857, 0.0, 0.667, 0.5, 0.333, 1.0, 0.4, 0.0, 0.667, 0.667, 0.667, 1.0, 0.0, 0.5, 0.8, 0.333, 0.0, 0.571, 1.0, 0.5]], 'Accuracy': [['KNN', 0.995, 0.995, 0.0, 0.0, 1.0, 0.0, 0.0, 0.995, 0.994, 0.983, 0.0, 0.0, 0.0, 0.994, 1.0, 0.989, 1.0, 0.0, 0.989, 0.994, 0.984, 0.0, 0.995, 0.989, 0.994], ['SVM', 0.984, 0.989, 0.0, 0.0, 1.0, 0.989, 0.0, 0.995, 0.978, 0.983, 0.995, 0.0, 0.0, 0.989, 1.0, 0.989, 0.973, 0.0, 0.994, 0.989, 0.984, 0.0, 0.995, 1.0, 0.989], ['NB', 0.858, 0.874, 0.0, 0.0, 0.829, 0.847, 0.0, 0.879, 0.895, 0.823, 0.842, 0.907, 0.0, 0.845, 0.895, 0.874, 0.846, 0.0, 0.878, 0.873, 0.858, 0.0, 0.846, 0.818, 0.878], ['RF', 0.995, 1.0, 0.0, 0.0, 1.0, 1.0, 0.0, 0.995, 0.994, 0.983, 1.0, 0.0, 0.0, 0.994, 1.0, 0.995, 1.0, 0.0, 0.994, 0.994, 0.989, 0.0, 1.0, 1.0, 0.994], ['LR', 0.984, 0.0, 0.0, 0.0, 0.0, 0.0, 0.0, 0.0, 0.983, 0.983, 0.0, 0.0, 0.0, 0.0, 0.0, 0.984, 0.984, 0.0, 0.0, 0.0, 0.0, 0.0, 0.0, 0.0, 0.989], ['DT', 0.995, 0.995, 0.0, 0.994, 0.994, 0.995, 0.0, 0.995, 0.989, 0.978, 1.0, 0.984, 0.0, 0.994, 0.989, 0.989, 1.0, 0.0, 0.989, 0.994, 0.978, 0.0, 0.984, 1.0, 0.989]]}}

------------------------------------------------------------
Sender: LSF System <lsfadmin@n2j5-8>
Subject: Job 643239: </share2/aagrawa8/miniconda2/bin/python2.7 run.py _test xalan.csv> Done

Job </share2/aagrawa8/miniconda2/bin/python2.7 run.py _test xalan.csv> was submitted from host <login02.hpc.ncsu.edu> by user <aagrawa8> in cluster <henry2>.
Job was executed on host(s) <4*n2j5-8>, in queue <single_chassis>, as user <aagrawa8> in cluster <henry2>.
                            <4*n2j5-11>
</home/aagrawa8> was used as the home directory.
</home/aagrawa8/fss16591/project/code> was used as the working directory.
Started at Mon Nov 21 16:59:09 2016
Results reported at Mon Nov 21 16:59:36 2016

Your job looked like:

------------------------------------------------------------
# LSBATCH: User input
/share2/aagrawa8/miniconda2/bin/python2.7 run.py _test xalan.csv
------------------------------------------------------------

Successfully completed.

Resource usage summary:

    CPU time   :      8.78 sec.
    Max Memory :         3 MB
    Max Swap   :        35 MB

    Max Processes  :         1
    Max Threads    :         1

The output (if any) is above this job summary.



PS:

Read file <./err/xalan.csv.err.643239> for stderr output of this job.

